SPY,DIA,QQQ
0.0028784413545986393,0.006527147497715395,-7.227078286775287e-05
-0.0018445469937116118,-0.0030219429865730777,-0.00359537125102199
0.0010027094582315665,0.0002658267051575285,-0.009906701464304042
-0.0024003981698362564,0.001149514617302373,-0.002540596118430749
-0.0010026684529496838,0.0003949613120930023,0.000727123660252152
-0.0009434129983658466,0.0027143765346297056,-0.001976903563958973
0.0009942418176688518,0.00023923216712001556,9.87761552639829e-05
-0.000613027263655688,-0.0008206228999113201,-0.0028511454490449655
-0.0003101204649199518,-0.0005327268023183634,-0.0041408764737884286
0.0005193345309116782,-0.0003499040818466437,0.006434780307422946
0.0008504986060765526,-0.0015200836823402826,0.010806686485198102
-0.0015720785836396973,-0.000660156364594669,0.005527930412581876
0.004347553685990037,0.004062358157526019,-0.003039727495822064
-0.0021417991710308572,-0.0017165909456938928,-0.003508186577680476
0.00030344223734982546,0.006151311642503086,0.0002844093156116852
0.0016277005729745673,-0.000676307504094777,-0.006201979138589433
0.0021809942191078975,0.003023771096741259,-0.0008521137265327827
-0.0008936242744651276,-0.003738462879438535,-0.010296459487466105
0.004942350467974508,-0.0029002315618732507,0.012973114792201937
0.006204443586987812,0.0004757386692055745,0.0005602996699810241
-0.0009570185654104247,-0.0012187265690616065,-0.0030994019767551797
0.0030748993225129446,0.002424690486698415,0.0027332638283071443
0.0026170374718438596,0.011542929701213005,0.012263132534432392
0.0035684340113389065,0.003376036095755738,-0.0027983593865982823
-0.0015877465330190869,-0.00042098226469123456,0.0028140865764757
-0.0012738853619288749,-0.0004547781905371854,0.012692271209694395
0.004762563936963695,-0.0027126333301406903,0.0039827948621026345
-0.0014260496016046797,-0.001699244195609612,0.004967546645938855
-0.0037003533744379632,-0.00359394388326889,-0.004218470062967679
0.0009301821995439022,0.003718032705898032,0.0016179697299854546
0.0016098677817541803,-0.0039829054633726615,-0.0012091149597397426
0.003168459363092728,-0.014024606568798911,-0.005297174447624783
-0.00914091929289205,-0.0007154940741832807,0.0054541380527385105
0.009183717133819646,0.003477997419820201,-0.0018737072074005352
0.003880166839038823,0.008268748383686866,-0.00016632265780097794
-0.0010228349463131082,0.0014933514280829154,0.002498532678076793
0.0027116495912586185,0.004932891754091519,0.0025268362775730086
-0.000752881851156998,0.002425931149275614,-0.0023246909022431725
-0.0015357278857026258,-0.0005791459500566311,-0.0007893520564491196
-0.001564837818708992,-0.0016717711437080765,-3.425587013918168e-05
-0.0002708463730038126,-0.002844571557257601,-0.003483539880248641
0.0007834122549856098,5.838307049666232e-05,-0.0008543737187261412
-0.0006935085461540286,-3.0991419823697327e-05,0.0020198433858447367
-0.0009767510350287617,-0.0007714954342845565,-0.0004377566784677662
-0.0020084342719084705,5.626562682440269e-05,-0.004507117009804421
0.00031377437708089863,-2.050296929326562e-05,-0.001372328410790512
-0.005238418315050142,-0.0075815165792985665,-0.005571486369801588
-0.0009838805456458832,0.00019612260810025504,-0.002500517142363784
0.0014363932840128523,0.0001281252884711123,-0.002173403441521982
0.00020367394222785238,0.0018201793787268785,0.004573667830335216
0.0009378930469300261,0.002735868068072452,-0.007160629688988984
0.0016409688591554352,-0.0017561847164886003,0.00544046651442834
-0.001810537473503866,0.0021456730972696627,0.004237077511787861
2.3915827154196775e-06,0.000865002617493314,-0.0037914195492454827
-0.0005861446156228444,-0.0013733051554434474,0.005632436977873644
-0.0010491358178365796,0.0003412160171809917,-0.001006225391684755
0.00010836901186032231,-0.001089876136235994,0.007905749190126007
0.001285117319884237,0.0015853822532228938,-0.001890224428973182
-0.0026539718156944857,-0.003048911802706506,0.004050145144059647
-0.0023402610358107777,0.0007336682603598585,-4.9251761779164454e-05
0.0032140738515322106,0.003767289262812507,-0.00035234924748044
-0.0007904840501867931,0.005257726154044046,-0.0036770599628195727
-0.00412854440325888,0.0017421337318837963,-0.006939721476638548
0.0018937938470339165,0.0003040065364787795,0.0026728590670964344
0.000441389670866897,-0.0035310097145483743,0.0011597303810218125
-0.0005799526314743407,-0.0018455436118882966,-0.005171904662446234
-0.0021522773045647356,-0.0013807335359859818,-0.0030717110478361855
0.0014609334350952608,8.371701911390612e-05,-0.008837588949620117
-0.00016812478155761896,0.002591771867529674,-0.005080189003365184
0.010106703147366647,0.00010544160998211817,0.0013222732734245756
0.0025647947768089366,0.0003576374686392605,-0.001113818098379184
0.006437328327923181,-0.0043044432703739,-0.007620794274695925
0.004212881878488319,0.009171167528317084,0.00392900400943183
-0.0001379357256835283,0.00510885011031802,-0.0034111729814062324
0.0016024049479366777,-0.0021381822981318055,0.0008384924503331658
0.0031360302697743874,-0.00011280757192932987,-0.009607479336101694
-0.0029028323242681706,-0.0035423298941808395,0.0017533261840770595
0.00033015602508062916,-0.002747531297046835,-0.007144201002112831
-0.0011126994088242867,0.004714633041950777,0.003978659925064578
0.0002643277711879585,-0.0020761898893424465,0.0024507724003095224
0.005775115389570345,-0.002451376822578273,-0.0011974320469200655
0.002485300931311197,0.002630463732079364,0.0030554523282667343
0.0011542382730728717,-0.00017188286417020351,-0.005891660312510469
-0.002143776243733909,0.001573554372284396,-0.0003901726842825688
0.00166860698114376,-0.0006605982206801241,-0.0026277635039321195
0.0002812617330922782,0.0012040760463957537,-0.0015723686284654164
0.00013731712041056688,-0.0015560845566911026,-0.006570963464385841
0.0006456904082782948,0.0009250482603532264,-0.001705614394437633
0.0015862976979277622,3.05080161958107e-05,0.004208742217918049
0.0002637407177941475,-0.003938177498141861,-0.005105058347223114
-0.0008061185792980705,0.0019264275732047375,-0.00028661721213568686
-0.0001598427114310003,-0.0017370844042141995,0.0038397610353653024
0.0019088402234004583,0.00018147551205965713,0.005189745683686703
9.16988941779401e-05,-0.0014258522406178412,-0.006711449692134695
-0.0004258434201424865,-0.0020701122022062346,0.00796027084694835
-0.0013281976950147126,0.0023548434362017294,-0.004029018385443948
0.0020125960841966472,0.0019653568271022995,-0.0015013245113309891
0.0014710180009980826,0.0002688521197661744,0.000754173891337934
-0.0030146152057764384,-0.002176902753369378,-0.00040055010323440877
0.0012371130624045555,0.0027612600644499417,-0.004112872792125013
-0.0010120533919240015,0.0007699238517481764,-0.007571315428456166
0.0018237144031152776,-0.0026876849226176182,-0.008853758842768055
-0.000939623755598454,0.0004128088324074656,-0.0015009478459654293
0.0005776317912295124,-0.0013335467715972957,-0.00012130747949898248
-0.004540273311592375,0.0002692437255517151,-0.003741365489415481
0.001790054036761229,0.0016966294861577651,0.0020025309236254697
-0.0003541318798409791,-0.0004208280482535659,-0.004698581411020058
-0.0010373591309903985,0.00029832651981947746,0.00022125631169203714
0.001277369094566672,0.00020459758109618128,-0.0019297234765844108
0.0002545949975810534,0.0009451119921708158,-0.0001588461908126805
0.0007255428620476843,8.586825178093585e-05,-0.000588589416605777
0.00028787498851514206,-0.002292294769662715,0.002095603940094789
-0.0017362969863350874,-0.0010945858022762575,-0.0006564062083097027
0.00018828039083927786,0.0001486014193017932,0.00019801097705974665
0.0006364277171268084,0.0009190381512065549,-0.002025533734409849
-0.00048142044653214495,-0.0011301500188485101,-0.001076108080285878
-0.002777537980154483,0.001409012364367782,-0.0033139859828566066
-0.00011817291397966847,0.0023212025931779283,-0.002000132658499007
0.001268995558443115,0.0004098977805503493,0.0009514276235060065
0.0009114197971815554,-0.000776135789566317,-0.0024687855737166083
-0.0006103435281782136,-0.0014743793017990745,-0.00012471161238550153
-0.0003466189156213083,-0.001950124016239683,0.003096063298323583
0.0017275473617525668,0.0011384578185522185,-0.001372866953204692
0.0009544510308180849,-0.0008840890287033442,-0.0004716413690237741
-0.0006663172003815181,0.001766465273656194,-0.0017365522940600198
-0.00046862488124891515,-9.083779425291428e-05,5.067509749629946e-05
-0.0015871537630004673,0.0008977658130375735,-0.005072013426598945
0.0018290992438148375,8.4879882194806e-06,0.002503089333639573
5.4390001974865515e-05,-0.0009343029404696387,-0.0010659517361383025
-0.003030947163114371,-0.0026588793713838666,-0.0030103769342492543
-0.0013357555127521128,-0.00033985922017062975,0.005997402142773565
0.0003387529493120933,-0.004577707866846922,0.004183366287956507
0.00039118187439366717,-0.0019149929919080725,-0.0007296870052469914
0.0010156316687413261,0.0015639513666938372,0.00011018665363290743
-0.00029908342137593556,-0.00023721518513491473,-0.0015709683134137596
-0.0042092367611347705,-0.000595390659080718,-0.0012987345991718295
0.00047794528781633995,4.060763520116151e-06,-0.0018472866727951465
0.000780418062806989,0.00024672119457623987,-0.0028376179760693275
0.00018561468471696915,-0.001309960320478803,0.003895049119767359
-0.004650967395944781,0.002059141214432398,0.001764503558541013
0.0018549572967858237,0.001457164281068619,-0.0016655207499002426
-0.002461302211066833,0.0016657186206344922,-0.002832134063626102
0.000521675268900634,0.0015297465073727202,-0.00038548663185568164
0.0007968256554885434,0.0007924047962685498,-0.006039486014211327
5.498804887792389e-05,0.0010403917591156114,-0.000551467708951308
0.0020049854976148594,0.001513875210060067,0.0007567345871750077
0.0015225133572743675,0.001998567077038902,0.0007396185776846491
0.002861386903832968,-0.005400715942691554,-0.013299787944845086
0.006040518051378773,0.0004624162750368608,-0.001183294784673897
-0.00012732083289461208,0.001673537740578086,0.0027325775534408256
-2.7761854188709444e-05,0.0033699055591661685,0.000878208381757109
0.0013731872019458707,0.0004257352888682323,-0.0014713777812101864
0.0021740905151707173,0.010028964406623219,-0.002820176640859897
0.0003668941342835789,0.003979320403301775,0.0019780178140492927
0.0003541544160273259,0.0025745472776572543,0.0014067573765860339
-0.0007746230547850193,0.002597492604259596,0.00566567258861334
-0.00045726638749450497,-0.0031816678967737494,0.002026885823270633
0.0024367887737042856,0.00014935863933843597,-0.005208744525918962
0.0025226399457296093,-0.0021138420925145953,-0.005075121046833299
5.997470467254295e-05,9.445238922150394e-05,-0.0018387653392260299
0.0002734220417777748,0.0013155658669853846,-0.0015666694038313073
0.0013784363827413176,0.0001438155114271769,-6.334920960560766e-05
-0.005809441413416934,-0.005433721725890573,0.00022301312296241907
0.0012173717979788205,-0.0014828178866467868,0.003470879912735814
0.0017558180502629868,-0.0008286508185149034,-0.0017412645401840947
-0.0029285738460411346,-0.00223951116152493,-0.001360997541261038
0.0006048539188279157,0.004420393277185854,-0.0003344379973434615
0.0004907795502521206,0.0011035529205702234,0.00030355376501226266
-0.0010534857295755895,0.0013617718841412564,-0.0006512688384802707
0.001577300170219323,0.001417769778704607,-0.0031049183693829183
0.00013931574039174356,0.0004496197762482869,-0.002163469743800503
-0.0013959128748346065,0.00019674467215781741,-0.0003437936001680076
-0.0005030073012903327,-0.0009452973595371406,-0.0003487918814653727
-0.0007272911603309083,-0.00015809868707296508,-0.00448011026025597
-0.0008579692457932313,-0.0013242868542613256,-0.006129676152368163
-0.0014718995710122414,-0.0011254810728788672,0.0017054205312903967
0.00010965217425967844,-0.0012691553441792596,-0.004474896666767722
0.001152792846477024,-0.000629008109723524,0.0002684458287975871
-0.0005561604787611251,-0.0011372691001312258,-0.009261793780079838
-0.002696242298491095,-0.0011578370677169229,0.003603154416416309
0.00016660558800711084,0.0006770058488993625,-0.004274484760529724
-0.0001900194545747339,-0.0010012571331833146,0.0008809833420371784
-1.854885369902125e-05,-0.002474218183042861,-0.0037026852567783415
-0.00047238993829596353,-0.0008299989127677823,0.002913294942637304
-0.0007983940999604799,-0.00220322697944873,0.0008741431199535712
0.0004197606010331992,-0.0004877363225897339,-0.00249321695895756
0.0012921083122848416,-0.00017668609973444548,-0.006150669876790195
0.006881157403778334,0.0021879076079633257,-0.0018821311004161131
0.0002382925028479041,0.004350356488487767,0.0004017659848698169
0.003650534417879204,0.008127993828088403,-0.0008547519557135321
-0.0008766986676278359,-0.004709472817067576,-0.008362792564664103
0.007144280451509222,0.005606307286244103,0.0007937211353519881
0.0019516304793142849,0.008182472950656062,-0.002081959149143797
0.0036224413844782215,0.01056474696646341,0.007482137384970618
-0.006162029639403134,0.0016443362516363877,-0.005896180296897186
-0.001997680860903037,-0.0008647149389328574,0.015576156407897269
-0.0042316133895972914,-0.00762537642727912,0.010367154150892002
0.01210560808030303,-0.001191868650141783,0.010747730759315817
-0.002295965988351168,-0.005865694097183238,0.0021768028297549603
0.009437914331522388,-0.0019625990863857,-0.006249221043089359
0.011698705762269512,0.008005399557602147,4.355407897883969e-05
0.010147679034514282,0.006140291231901146,-0.00036373329021520493
-0.005298697045474727,-0.0010418463797470183,-0.0035197144238128014
0.0030301658539045482,0.008133375808486143,0.0015982092048270214
-0.0004555360091389648,0.006030010884047388,-0.00959630615262929
0.006472870343320013,-0.005556467613661054,0.008381580749994882
0.001727009559280184,-0.0021699439532157,0.004654022759071999
-0.01042629270682801,0.0007779846929620485,0.0038772651709987126
0.008995145029958683,-0.002064475504770997,0.002746205610213664
-0.0037978490913283145,-0.0016054806015070645,-0.008199046333812535
-0.0019547890249637647,0.0017971976639763222,-0.0027409674244381066
0.004854408550360514,-0.002902161866497553,-0.003981835154825723
-0.0015936900638585992,-0.002776326451666811,-0.0062906385170826175
0.0023143362517310494,3.88547642885068e-05,0.0032311792942750044
0.0017340078073968918,3.471431285244757e-05,-0.006819028254232641
-0.002674541111236734,0.0010622558378853104,-7.043879568644213e-05
0.0035788307929043544,0.0038639769045393903,-0.0024402119172023872
0.0020355997824266395,-6.521256534294294e-06,-0.0021657632639262613
-0.0010643842549030885,-0.0014808511938742708,-0.0020659589911536363
0.00035740013969752727,0.0009132732288680871,-0.0006005992267663572
0.0006012999371584174,-0.0018891643377520152,-0.00290312946048376
-2.1488518071775084e-05,-0.0024774445988511654,-0.002731431347039937
0.0001916444046689812,0.0014841530240451166,0.0005688849161712788
-0.0006207108471388785,0.0010834528006044202,0.0013016873848677567
-0.00019991801030108975,0.00022163589830512476,0.0014171714667139367
0.0006200904829044374,7.411141436990346e-05,-0.002577929471158495
-0.0011725674217433887,-9.530313986945526e-05,-0.0004484017970048649
-0.0004502586849598445,-0.000510912973848579,-0.0010052997064261403
0.0005155061512513648,-0.00010266047688452431,-0.0028527254528593303
0.00023407055555653395,-0.0006930113968939447,0.0006953480861937012
-0.0011269091791371014,-0.0014213288472410544,-0.0006897688584807588
-0.0002348918811400173,0.00017885469900377112,-0.012427626887063689
-1.9637650854883404e-05,0.00048687950725041356,0.0007190224735859269
-0.0007458706306993784,-5.7424810347691324e-05,0.0018805193724401043
0.0005304221445982325,0.00011425274015678284,0.0008041585378703881
0.00011524171410142472,0.0004024278135527132,-0.0035584685226760105
-0.0006740781781698101,-0.0018175507292979903,-0.0032154950620609745
0.0003040684276365572,-0.0015450364217857611,-0.0023803781785903698
0.0007248058571877389,0.00015483418926015482,0.0026876019276215837
-0.0005034633120539148,-0.005076644827467038,-0.00692190242831567
0.006877907722444804,-0.0003373986882437814,0.008188228307085951
0.00012635263402758346,-0.004778443086469201,-0.003754506343420628
0.011366582173617525,0.0040147278042829155,0.006618628105370331
-0.0017117295713497455,-0.0002797563959349525,-0.006598537045541435
0.0075994425161773314,0.00904908702382823,0.009813155359875467
0.0009846018292799946,0.004850948243467138,0.0020028515344790478
0.004591592881148184,-0.00393683460219587,0.007259704699443856
-0.000558740875251674,-0.0006657757343402811,-0.010744945875218863
0.00290529410028633,0.000330691178502346,0.0056872960095157655
-0.004203636227783777,-0.0036702619594562906,0.00767492928275973
-0.004991723088057824,-0.008160529991985896,0.0015068235863305367
0.010083201663037932,0.0059972303608135024,-0.004335317002878538
0.009270237810558137,0.012771799052853345,0.010561848758844833
0.001044253489937108,0.005895279433362815,0.00038026803177692073
-0.0005770943190700176,0.0013247339475663386,-0.010307066887079254
-0.0007768340693648557,-0.005962614796335587,0.00284065798677689
0.007199671907462784,-0.0015379875176460293,-0.0019497647981766965
-0.0009442577396164166,0.0030004965440360285,7.967885451834335e-05
-0.002821363384899044,0.004034609595359435,0.002397717328592721
0.001230611940776015,0.0015226802755433626,0.010392625949785251
-0.003714982657063659,-0.008418180607337207,-0.003933625131277738
-0.0008527438109777589,0.001417315793236414,-0.0022328222719705457
0.0031025075421561164,0.0038039797792104296,0.00394516028185723
0.00984686583967962,0.0010656390692847268,-0.0036236384412791146
-0.0001936437947034156,-0.004834253841984594,-0.010878651078639752
0.001988581862596634,-0.002656155458574708,-0.0015001698931589532
-0.0006638432210604839,7.872577811722539e-05,0.002804296944088753
0.0046381763374927325,0.0019339980408022025,-0.014939862288844329
0.007115466024031425,-0.00014596410602809258,0.0036758733585489207
-0.0024323584999202874,-0.0015595241030818027,0.004060385308038223
-0.0022826691190462566,-0.005994996782708081,-0.0023375761057637667
0.0040617505889414,0.00035842501213274825,-0.010393624483310094
0.006081761300671305,0.006102186776029766,0.0010439882912583335
-0.0014310318599955996,-0.0053969073165118266,0.007782179899768887
0.0006077931434602997,0.004371816832089187,-0.00031404541827188804
0.002334691833453529,0.009706444119620204,0.0020903929659762594
-0.004643028323306681,0.003238121548486926,-0.005649672460411225
0.0050848650449733185,0.004741125346619498,-0.010016578785267186
0.0020445227741423813,-0.0028219225341478585,0.0009987685401813017
0.0009458901652969522,-0.004792825935243008,0.0007633228258916688
-0.003618346192856084,0.0008510416979618934,-0.0007834181362882083
0.0032451905397165963,0.002262067520407846,0.0008363618550039148
0.001918874658901112,0.0024044885665560605,-0.0031355241329249646
-0.005098050550537163,0.0034154357964266383,0.003406822702389245
-0.001269116817357724,-0.0023238432941642133,0.004186149630219676
-0.001691931140675924,-0.0029490401980109015,0.0036024890965077406
-0.0012596887838271567,-0.00046918616446094873,0.0017082709294183667
0.003180754503835016,0.0017236728113565836,0.0013749273196374326
-0.00038990519867237734,-0.0007467653556507681,0.006070808407520383
0.0018519679417512717,0.000860887291207212,-0.0014209103848385623
0.001447330946233272,-0.0007343084795788578,0.002930493724210776
-0.0005670994602026546,-0.0009040903808382811,-0.0018744736349802485
0.0004047896401400946,-0.002046661773451304,0.0017006524925913117
-9.449289506077633e-05,0.00036402618780425336,0.00022540277395685684
0.0011579290139974076,0.004601154868976598,-0.000991760184349796
-0.0006104253198870143,0.0019399189123473018,0.0006883205791752017
-0.0015333603235511066,-0.002566328715555118,-0.0038672199179152606
-0.000969258298866106,-0.005468170039250931,-0.0009357591075102894
0.004741689901345108,0.001101816686069729,0.008453197461349832
0.00048274901161708233,-0.005813072502943453,-0.010477388783672832
0.007028744825684262,0.007422481350057668,0.005407295340183726
-0.00073602484381741,0.0007557012841034079,0.0032268253779284576
-0.001999839106638486,0.007871921765261993,-0.0013919532525975126
-0.0005116372060495391,-0.007491842319947682,0.0032760538124231016
0.001967438925741856,0.004577635129463164,0.0013160307915107928
-0.0017430936134921978,-0.0025426833502918975,-0.0031968823447133085
-0.003053884020808139,0.004015656568446852,0.002683628343758203
0.004714331893972407,-0.00010897468698412668,0.0010091648185951167
-0.006936207511777375,0.010351137273449239,0.0017562446858177178
0.006683319090842925,0.004965460013127489,0.00420858767510464
0.0026815933369762363,0.0032283019467760463,-0.008364702609063034
0.005715706905337784,0.002071779164860897,0.008914689543630248
0.0029652285140012867,0.0057697515850229295,-0.000988973698842964
0.00192703316198379,0.006353718117789764,0.002214823505096913
0.00026018145924021043,-0.0020964069712132234,0.006561454074770758
0.006617308784437118,0.0012412508717187145,-0.0016672835857209777
-3.376606919926754e-05,0.0011136047133220876,0.002160902207814113
0.0026011586669571047,0.004605004215226945,-0.0031722812243145803
0.0013169619982509857,-0.005286136595041661,0.005153569044626768
-0.0016311075719330382,0.0014370139108029012,-0.008481791578735907
0.000898360827416758,-0.0017299038096333125,-0.00725359216805617
