SPY,DIA,QQQ
0.0020691831942159563,0.008367646172225506,0.001727417736251691
-0.0036648913917884515,-0.0006874946937093648,0.0026157790718697644
0.0006653384477456119,0.0014694630419726951,0.0031404325400529285
0.003030714210145808,0.005130575134378473,-0.001103720951987253
0.000896604064639024,-0.0033955071816754584,0.0010422534826935892
0.0009328703324250756,-0.0027870050735908846,-0.0037416470716602496
-0.0017051462182720344,0.0033628874116755224,0.008011867191668767
0.00041278060214184215,0.0015798633840771108,0.0007833937463617768
-0.0022339850229547158,0.00238333145752309,-0.003672094947517636
-0.004825572026436741,0.001256912070794656,-0.0004897184252639511
-0.0011545719265861403,0.002400840221505371,0.00826389351627824
0.0008739767841656626,0.003224383289767196,0.002745772104525207
0.0004033824709564278,0.003586023218657536,0.009019248496316393
0.0011677866738693632,0.0038047049430212647,0.007035690438480898
-0.00048728086644174705,-0.005520616190633256,-0.005328343899530309
0.0028290558726171144,-0.002531241443639812,-0.002235682885640419
0.006642263170947968,0.0009063161614833715,0.007359023341070621
5.157258542494273e-05,0.008083252867090383,0.007297983120766136
-0.0006349078649809663,0.004109051515952614,-0.007179405331133157
0.006185007942119155,0.003952241556339224,0.0012845891870914858
-0.0022306588267968237,-0.00274398042025029,0.008778704964680082
7.3162351178834305e-06,0.003802288596702962,0.001281081851038047
0.005131047897840892,-0.0003504295440345428,0.015166266956824595
0.005596185033059718,0.006480094589729067,0.011947320366179215
-0.0018393136435694813,1.60515247410954e-05,0.002687723204439563
0.006579747041521354,-0.0016827348061264928,0.0004597549013889014
0.0032679114848887456,0.003305450019296517,0.013896942393812214
0.006540939514137673,0.006247910046628397,0.01273802426444617
1.5442030226303525e-06,-0.007444296005999263,-0.008447834069701716
-0.0028438011372729803,-0.002172049700697462,0.003387194193464638
0.005139170342213238,0.0017420042074038444,-0.008727836310655587
0.005420546572958133,0.00031148560051346905,-0.007794829389802838
0.0007014314578259244,0.00026835264911271385,-0.0016735771453442766
0.007778594501834385,0.005010602543332584,-0.006478754839923718
0.004204397967531919,0.010254776258671801,0.003980738918810369
-0.0019077310887600986,-0.008104571084724203,-8.853785463225679e-05
0.0031602907459815422,0.0060099384883849855,0.009512664408981342
0.0015238110311059302,-0.001283272646109552,-0.0018865025665397756
0.0007915008393494744,-0.002636492862771953,0.006193656847330898
0.0013543166234525296,-0.0011814204864897312,-0.0001562538006020096
-0.002856645073996899,-0.0004742246234118595,-0.00017962512691777313
0.0031610660082536687,-0.005205291226747308,-0.00035139160591125617
0.006568463303629825,0.001685496012381017,-0.0036397284436506297
-0.0030585703339301193,0.00398916383058589,-0.0017520215058081851
0.0011035089445209454,-0.0003388884363593503,0.0014549288953991525
0.0011143265576203836,0.0012145991523054367,0.001007570408247299
0.0007375992237691193,-0.000555632708426807,0.003496850701560489
-0.0011673199999094215,0.008172048612577245,-0.002621930429505381
-0.0009814136021707675,0.01330262849261403,-0.00042756392508109983
-0.005112602878598127,-0.0025705610037461933,0.0046210349407077
0.0038666043665504944,0.003604191084633954,0.005062191808113383
-0.0005945845525422557,0.0017708643408599165,-0.00342201324298738
-0.0018553729618780782,-0.0034616088520595507,-0.0007504515348186307
0.004058184734281915,0.0006140578180271467,-0.011683955343719157
0.0006301812051724377,-0.0030373087485409014,0.0008341262229489409
0.0007785522444175208,0.0050897471988901755,0.001498401002999818
-0.005229881635249354,-0.00024529335403841257,-0.005561795225716067
-0.0030644514216371065,0.004410446750148466,0.00908126155053443
-0.00035378712339098075,-0.002942440081032475,0.00033407020804689867
0.004908219139684302,0.0030474903212815087,-0.00306859059269021
0.005164166504059228,0.00764474622403987,0.0007900637094136637
-0.0006332773076893925,-0.0032704025621546804,0.012390511436108498
-0.0020220811745478187,-0.00384346044791766,0.0019007225710810103
-0.00186495050713441,0.004964809358382045,0.014935968827906296
0.0005453306623588119,0.005969013951027025,-0.004676029685489299
0.00014998120332319778,0.0005508134836623314,-0.0010992955268473838
-0.0008688541391692636,-0.0009872849506536376,-0.014288322360492189
9.084667734108191e-05,0.0005846930156107261,0.0022227290248451456
0.004206406261801233,0.010015917522719554,0.003919445667391051
0.0077942387052337995,-0.005095021275507326,0.014090773657505737
0.009110087885765023,0.00020380483929580584,0.0003945179269209966
-0.001187294766471571,0.004398926868893065,0.014587391487714915
-0.002618875697032727,0.0017112490744910823,-0.004014569680138217
0.005344881326990892,-0.001604490324044956,0.009376797701668521
0.0039478283705335895,-0.007892868303953342,-0.004223024361097712
-0.002205878577472452,0.005737668501296479,0.01703756668662258
-0.005848714186111963,0.006234681655175903,-0.004368517776000973
0.0005337039269787653,-0.00615271038133545,0.0022092507960202205
-0.007257362656383049,-0.004065970941900306,-0.015538613535380068
0.006789928866639738,-0.0027833536961945106,0.007057904789191879
0.000616033877992148,-0.004783643559318112,-0.014384032034520426
0.0010411731086459874,0.00313058027517075,0.0044118573137058225
-0.0028638532981402317,-0.0020406079118883273,0.006475374775450566
-0.0015442803961567303,0.0005939839061919021,-0.004402841472921848
0.0005494079350684863,-0.001162343566596325,0.0038679530497114983
-0.0008292572778216209,0.0004036186590222389,0.008698699983737727
3.48290311007879e-05,-0.0035666592699920337,0.0031596078980161875
-0.0006861156310553394,-0.005307265546578991,0.00448291819480645
0.00033533616663800243,0.007366840405900606,-0.004776644391252913
-0.0002631663074435814,0.001389461532163113,0.001472464004044515
0.0011810659535594784,-0.0008887986947436075,0.00671591725933899
-0.0029730654574460884,0.0005945312445879537,0.007414541406133985
0.0009974356519754054,0.001378394769991424,-0.0056266901104987
4.600195441910195e-05,-0.004613850395060432,-0.007124710795909375
-0.001911711618588396,0.00029457615799611663,0.004334254294795584
0.0013331536784109213,0.00905185858778386,-0.0018752602317067964
-0.00372194594582096,-0.0019027678736849058,-0.005970129295049734
-0.0018908881531123475,-0.002393384077746765,-0.004986046236302717
-0.0029406785792032582,-0.002922482481313843,0.0008968368153230879
-0.0007001371924898388,0.0023920407875212034,-0.001313979592872068
0.0006835762398466729,-0.002320325339977957,0.0029373632832352336
0.0003516461369574399,-0.0006230166278432002,-0.0030733567978304915
0.0009517694940424599,-0.0057778119541318914,-0.00519361190317966
-0.0020395379877519446,0.007977548762066772,-0.007717845066020175
0.0016969016355043393,0.001105356733060258,-0.0025816319502559824
0.0017060253686989385,0.004563659481395562,-0.006323515798044785
-0.0001696317718052521,-0.0006766891464587829,0.0023863259516227436
0.0005276830018341511,0.0030459405760406106,0.0007710827086835377
-0.00268262485845653,0.002050471304928183,0.0069945542847954355
-0.0019823875703187986,0.00030411873326910584,0.0024361521262872116
-0.0010140150737141067,0.0004864482643748541,-0.003969618152520388
-0.001613389992689564,-0.0011799900857111302,-0.002175414855529029
-0.0003290851478524506,-0.00045096566562729233,-0.0010782949920640826
-0.0018171463315230308,-0.0009695864484699551,0.00437216390886146
0.0011444118347671787,-0.0005599663636021927,-0.000510535080292994
-0.0012808073150914056,-0.0035821788152052853,-0.0018660285250699483
-0.001671375916825512,-0.0029355596886743536,-0.0015158612274592707
-0.0027729105922420687,0.0009110466207511855,0.0041173157372539505
-0.001108411500477432,0.0013003824789508717,-0.0044236911320093475
-0.0008309450013612812,-0.007622026118489992,-0.0032164073885340237
-3.0108308802473762e-05,0.0006692824644409508,-0.004967415183367019
0.005569090869908955,-0.0038717990179159985,0.0005599426498883553
-0.000989514499264989,0.0019927735640125517,6.43495171131606e-05
0.0009591949499285215,-0.0017233872987573301,-0.004600407957834341
0.001457017986841708,-0.002398053890100889,-0.0014146553299501294
-0.001604467660584377,-0.0029021189804657294,-0.0029267318152087197
-0.002058236627760656,-0.0029352833120248234,-0.00037646945159880115
-0.0018758463940196895,0.0006805755695583755,-0.004782746998823713
0.003806740311294721,0.001233414424085495,-0.009253038798731806
0.0020166825914540894,-0.0024038482695117203,-0.001185228665337268
-0.0004077749280838355,-0.002381017738853149,0.0021952686004614035
0.00044536888147408466,0.002787226906930764,-0.0004915016921684926
0.0008736249918697459,0.0033552240243424395,0.004683070521505318
0.0034472525589048547,0.003359835572340197,-0.0007144778969119004
-0.0023513482097569623,-0.001781253551454571,0.0001135360416923041
-0.0014155569566385944,0.005529189537180477,-0.003675618523663331
-0.0014157715499391037,-0.00021048462473384009,0.0063924313855576904
-0.002014512363301171,-0.0075912434778699495,0.0008246320554662716
5.648184691446013e-05,-0.0008024946710249205,-0.0025074246822491633
0.0007386827440405427,-0.0019181041785803655,0.006734560885249337
-0.0004992919349050826,0.0027256845848794326,0.00606069554491014
-0.0005804389843234455,-0.0021849016480928385,0.0007463228544798519
0.00031572638458286637,-0.000805912990995829,-0.0028469714833980987
0.003804499834110102,0.003899284238112942,0.003841695963776561
-0.0031722678450089134,-0.0005678032444276528,-0.0019145759234377108
0.007399025565712853,-0.0012153017512070885,-0.0040160742461046815
-0.0014642230233749695,-0.00079255334229442,0.010625420861919484
0.0023665154042825224,-0.0026577846945917637,0.0007384705079369104
-0.00019254136559608667,0.010571380872436604,0.001966656297894109
-0.0005736678621077891,0.003213683874615571,0.0008506790679497631
0.0026795129252862593,0.0005812192470330154,-0.008349035634901102
0.0017278356115650335,-0.003232713537642077,0.0031437381846380215
-0.0024862552783565736,0.008212030523619568,0.00238125118472959
0.0029370917264335,0.007083671302037538,0.0028854012745020766
0.001602196511001347,-0.0033237597168190754,0.011201569043277975
0.006479627833584203,-0.004877700857759815,0.00045426994119778804
-0.002927036073967609,-0.0014503224039072442,-0.0029119528073814514
0.0073256702759086755,0.001537450398180303,-0.006664810766544031
0.0027653704735469465,0.002280183186719267,0.004232663611874754
-0.0007729353312453589,-0.0001360164960101028,-0.004756543871904983
0.0008425758038321389,0.008090514901812512,-0.0058798239046252716
-0.0026953192834546836,-0.0012557658052132464,0.0006598103114081748
0.0006630737848406482,0.001557853752714556,-0.0026655256474828293
0.001403149791529465,-0.0015381967494982596,-0.0007374353628120976
-0.0022023078856688977,0.006476390796071575,0.0005566831062103126
0.00014862152609947978,0.0007341980544701641,0.00031588680539613946
0.0028722440935656968,-0.0003792160348097059,-0.00036588457856523426
-0.0005449677671261658,-0.0002520866747561654,-0.0016306205297042659
-0.002322575997354676,-0.004767722011705545,-0.0012616079147148949
0.002283098415074757,0.0013285694316649856,-0.0012090204004928948
-0.0005317350999152595,-0.002454749224171674,-0.002049296918435541
0.0011360435755280605,-0.0017989728468658043,-0.003018677978825022
-0.0023701919640877396,-0.0023400347205427014,-0.0007663715400953972
-0.0012310155130080972,0.0006490259620762755,-0.001179753658751086
-0.00027676923604593996,-0.0017247674492360165,-0.006356691687154893
-0.0019532398196406213,-0.0006423300706999972,-0.005227169172520821
0.0001240409189030409,0.000983204318659457,-8.29826953326803e-05
-0.001600806382264624,-0.001823267567297747,-0.0004963181892073747
0.0012194825517543206,-0.003063323242168194,-0.007545927449393918
-0.0022878373876136426,-0.00020596686285618142,-0.0010255089296173996
0.0007686308221919304,0.002059759812952035,0.0015552769493253952
0.0033210611444365787,-0.00011566382496800497,0.006540152312469797
0.0008308312180329602,-5.4736202706144803e-05,0.00034079989272837357
-0.0012124874922629049,-0.001536359148013455,-0.004288246667095192
-0.0008003258794054323,0.002897569201274934,-0.0045666594745037105
-0.0010965763281620548,0.0057100849853735786,-1.4027787485947272e-05
-0.0002201456275759295,0.0034694067844960232,0.007886923256083233
0.00282937204594307,0.0051630056382819195,-0.0034839660517018856
0.0006327633606244662,0.0013635592353261467,-0.004340569101101652
0.003424959041372244,0.0015262675404881217,-0.0011612368103351269
-0.0011195650752194707,0.0019762767371044113,0.00015480159224187418
0.0037586933989991597,0.00782402283282969,0.0005706873044747673
-0.002596728613043292,0.005401430748801284,-0.00025331926039668447
0.005485943881288305,0.005942039936586709,0.023849599113316293
0.002902431390478308,0.009056429632307118,-0.0046659252048621555
-0.002689208651274611,0.002090603966870249,-0.007641998596443346
0.006329364151787089,0.0015707923385580606,-0.006684201436698173
0.012406684239878889,0.009540738557345224,0.0043489342904474825
-0.001010518258292695,-0.0033629384894472473,-0.00326276342219506
0.015647064185105267,0.001112989147148135,-0.0021662402511520504
0.006265161178301553,0.008762654249624163,0.0011844663989610575
-0.0009774999128786942,0.01274529721795533,0.013644896161992878
-0.003004250964998363,-0.0023564726333061147,0.005337605961067849
0.002615608095771513,0.001414471019792116,0.00392458539465323
0.006399152707451041,-0.007830935675693191,-0.0028267368523205673
0.0009722640337218265,0.0004544996868391225,0.00026472606185995576
-0.0024419523155703054,0.0020451508378286137,0.0042481692328620105
0.0009371147064753105,-0.007417368776320937,-0.016686979795771002
-0.007017443828490826,-0.007950999237109615,0.0033251002007222905
0.0007664039769587777,-0.0025146189909818852,-0.003666452825143396
0.0008771886478273819,0.006630119459277276,0.00016955597799378597
-0.0014515039729161015,0.01652182558541992,-0.010183036587651628
-0.0027816948458711083,-0.002035951528493663,-0.0009247098202255839
6.164791677999671e-05,-0.002692260732255523,-0.008760289253723314
0.004889000726558373,0.009236540569352416,0.001541726687833204
0.0008240433856832477,0.0073637205553835,0.006812067511353924
-0.0013946490610115259,0.0020018277150342166,-0.0037252047640615594
-0.0020003808667741975,-0.0010588426773086195,-0.0018847161563915716
0.0008130199740906982,-0.002806107551826489,-0.0014470105705273449
-0.0017600741878757266,-0.0019043451266330844,0.006221986902461273
-0.002633869084684696,-0.0011099329369777334,-0.00028663502384977457
0.00027309619416368195,-0.001789946853339781,-0.003105972665694725
0.002588608916540647,-0.0024849167318100043,-0.0030851890147241385
-0.0011722292613989388,-0.0011626771246216194,-0.0010902403657295809
-0.0009120621484344912,-0.0016804315229829976,-0.0036012242326585913
-0.0007940402305581409,0.00037846535156934295,0.0007860665512228141
-0.0008303777362841156,-0.001735673930278668,0.00022622866122918637
-0.0012764881851782884,-0.0018638464172476752,-0.0019348718477666615
-0.0016457663171635167,0.004495866628504002,-0.0011028798723705545
0.0007498169702063059,-0.0004991609015521937,-0.0032745830661140567
0.0005472822301204097,-0.0017203306943073579,-0.00021679476903809584
0.0014085286957340312,-0.0014608866630797883,0.001978392645856049
-0.0017065657001860584,0.0013107725948426775,1.5546468260845656e-05
-0.002019305533333036,-0.0025297477967940775,-0.004657990610110044
-0.0027857483726008085,0.0019210009740062112,0.0010189987183303112
-0.0003659793648867134,-1.0585899328241126e-05,0.0007462293429808917
-0.000504969862561178,0.0016329688540496926,0.0056943772136135
0.0035807023279186313,0.0024570265546934008,0.00019487166245179567
-0.0026324830230387846,0.0056957043025609765,0.003230085707417416
-0.0011252350875489078,-0.0034279389851556265,0.004058414756198789
0.00379352919136194,0.014447387506042297,0.002314514883034659
0.001520999331180816,-0.0005681207743400437,0.005350219274011634
0.016554246809238952,0.011472242257769473,0.014415240223309743
0.004696588809787479,-0.00040364461164400724,-0.012015007004996163
0.0026210450457049054,-0.0015886233586547094,0.009000038038798903
0.002411842962130648,0.0020036638003461792,0.007734834268228098
0.00561239562205556,0.005806735372567767,0.010853560630189512
-0.007392524774397201,-0.0030674472322991093,0.004925503666456753
0.0016490614011826286,0.001727772975914263,0.005260239209306244
-0.0091873215762042,-0.001849062865651275,0.007920434424517344
-0.005077884496914109,-0.0010001854155799656,-0.0020293347018087624
0.0038637891487024213,0.0043753646765400485,0.0008278580712119141
0.011188840875067097,0.0002545832005516572,0.003877241334734272
0.006239739347777503,-0.002263849634373178,-0.004514697465770553
-7.970750460376777e-05,0.0046946893043838455,-0.0066013046715862915
-0.004912883356360305,-0.001435770176967347,-0.007010590096001817
-0.0021672438680541413,0.004576556913976205,0.0006407323939984542
-0.0030190253619461244,0.00310518178090965,-0.01183005750014506
0.002772966108956158,0.006014762517176778,0.010633216106202556
-0.0002571647308752427,0.004427537483618527,0.012230761315699891
0.0027463376308571137,0.004591200111286637,0.020240250134558033
-0.009074359311023872,0.0018053919284003123,0.0002738137031622713
0.010660557022731224,0.00939197860913969,-0.012335518322524821
-0.00861494143905591,0.00035217621406148284,0.005205702360139532
-0.002713126129993247,-0.003209644318058911,0.001455363448835497
-5.873364792121476e-05,-0.0024497133643742067,-0.004690794548720086
0.0034985029797951076,0.0022299333199969993,0.011766863604269753
0.0009334112130800475,0.001520052964603867,0.006426083999956615
-0.0012357075427548861,-0.0017725806096046714,-0.00636827977879075
-0.009163258983163499,0.0037094472688807417,-0.011465402468619842
-0.008968935954745037,0.003108415560986045,-0.02114232547206377
0.0005421135218126537,0.00041733742409114034,-0.00788723027600232
-0.001117600315246776,-0.005774136751162282,-1.3773708623226167e-05
-0.0009626446037028722,0.0033175291517345876,-0.0072735915797329555
0.004911322387474657,0.004607885810011698,-0.010221411401779559
0.005643063115452097,0.005863454965404027,-0.005257655492803691
0.004277811303064923,-0.0070559404618401505,0.001760881756030864
-0.0023402368500904337,-0.007161134266404286,0.0009376840525285698
0.006048724486161769,-0.002572003967099773,-0.012305598833849095
0.004687722764449639,0.008946980147170911,-0.006130008288448504
-0.001411496394062976,0.0003991576453281044,-0.0045297195511077235
0.0009764037495640261,-0.00653185149334386,0.0018684676523640239
-0.0016105387161311593,0.004906251297676498,-0.007765088018267988
0.0014890996852678303,-0.002858205416647337,0.007354896786015664
-0.0006829134416817577,0.002813281904032557,-0.007339163833524864
0.001948345179010793,-0.0015748760028979256,-0.0033165165559419143
0.0002631281594588826,-0.010039299468187794,0.0010270328491317356
0.0006700234416464824,0.003746410263198029,-0.005096209068565207
-4.566456412790976e-05,-0.0011946198540621024,0.000967860239436737
-5.585598694061625e-05,-0.002821371946810002,-0.003389214019242832
-0.001059339993120013,0.0011700899491561608,0.004926724292745702
-0.0008243972672535318,0.0008167456516741211,0.0010956697654946094
0.0035415852233145447,0.00730859251083936,6.94236260861589e-06
-0.0023444372501036786,0.002720796876828265,-0.0002348385592828444
0.003009851168036469,0.005036879551457706,-0.0007555765936103846
-0.0016512718665946129,-0.0016309345443749662,-0.0028541433176881028
-2.8460161896104072e-05,0.004499959861985831,0.0027815961764209958
-0.003766177670667305,0.0016095579540867202,0.0011811020804942639
0.0005468090694824018,0.013727118767526322,0.012372529986863057
-0.002037020034393921,-0.0008109939027863227,0.0018023369489480732
0.00435526585259727,0.01085850068953433,0.002284763034020933
-0.00022274273420053446,-0.0015045862299313038,0.009902846770037848
0.0037072538897498517,-0.004216437234341729,0.017152937349759936
-0.0007887396001394162,0.0028467748119061784,0.007048053339679569
0.006284694445532327,0.0017675218295311204,0.020610314688426463
0.0018602141730377439,0.003940527604960015,-0.004621494407944418
-0.0034028589001749055,-0.012578060715389252,0.002601491981675682
0.006284009769776399,0.003930530394430472,-0.009270011266761576
0.0020448453237036997,0.004956270272934504,0.00029813193163137175
0.010205314925315793,0.005440032076172679,-0.0007441608565020225
-0.00019840398420753832,0.004414292197668648,0.0008445683403328346
-0.0032724301475023135,0.004346710309398281,0.004188900230361362
0.0017534258626507532,0.01644154813215305,0.0026420188699645577
0.003035487152120658,-0.0016670107941756582,0.0016375408747132203
-0.0005705914384799976,-0.003227429891882963,-0.0007779130069502604
0.005285047174080271,0.008040793096431586,0.005468349705084692
-0.006843484297121503,0.0027151779402748936,-0.0001264862353699711
0.002215721395599313,0.00213546015700428,-0.0017810388835527667
-0.002581613857049231,-0.007493465058081129,0.013716101108428037
0.0010913932178495745,-0.0007153155989801361,0.0021246315333812737
-7.680697712393467e-05,0.006646150171334486,-0.004748324813601413
