SPY,DIA,QQQ
0.007011827032271958,0.005599215626725149,-0.001624710161368427
0.013391133301054986,0.007442476712611199,-0.0011209696049120713
0.017525491104697713,0.009405468694630322,-0.0014663222029982388
0.021144590995225913,0.013930948364947092,0.0003063317970785351
0.013730665108486084,0.005757118466109112,-0.00022162692377945825
0.021487500906745456,0.016812598648146236,0.00028597950720350707
0.011061341262455941,0.017896680239207735,0.004878942925195383
0.021845380235383002,0.015277492347318435,0.0031211229356915005
0.015583984144275032,0.02035115562361657,0.002142170608333986
0.023041614428455585,0.011584400097023204,0.0033646764519956254
0.01699005738756451,0.014063478668510966,0.0004240972827682585
0.006099044180922327,0.014778760029281038,0.0017937868909287252
0.02297664007005163,0.022271447419448073,0.0017374751257004523
0.011794794884610653,0.015835099809852433,0.00033355029064816716
0.02086736987877849,0.010107546007801227,-0.0017856879135586534
0.014875195463628726,0.023405563299748744,-0.00015899975644842468
0.024414449490218676,0.02377910740359293,0.0003560955235068705
0.024363040990281484,0.018989639955015847,-0.0010988656975524196
0.024412736529860757,0.012864399406443676,-0.000195800829264986
0.02420864110041706,0.02361121634110573,0.00034109387766689814
0.024260918737875753,0.023856143437751123,0.0053588005877842695
0.023730367942222608,0.02377264380932463,0.006439740158958311
0.023764292432989276,0.02384980230037588,0.00980630791086664
0.024427784703776823,0.023857604934148693,0.012090612115103767
0.023057658313318623,0.012892806743526476,0.002150004991224183
0.01721137524109944,0.014636584914335754,0.00298231067116312
0.018849986368905378,0.023800646506239073,0.010570676832974288
0.004578180091709742,0.015095894099127989,0.0038985195128410158
0.010266977695226005,0.010847545026224169,0.00027058101052717526
0.0041808379817558534,0.0060141714572734956,0.0015505549606471686
0.005762482629875415,0.004685506181288438,-0.0018821260879219419
0.003718127729407685,0.006148834108040378,-0.0022392302603434153
0.002669374078940929,0.0030261141203271266,-0.0015661780841332816
0.011534022687987748,0.005839566562519136,-0.0025236320437693853
0.0059107057365772875,0.006277701353238033,-0.002025115549615795
0.015563276731869406,0.0041136378149260674,-0.002317512508943253
0.005230086674953307,0.007117268474141611,-0.001840337010627694
0.01761053719563719,0.015079128153204696,-0.0010947945553518336
0.007462974099018454,0.0097510260741983,-0.0005711635612869019
0.017312813997007674,0.008914496416663802,-0.00022083664323463773
0.00845692708174563,0.011085263138817442,-5.325611419808307e-05
0.017749241980744304,0.01889885946566522,0.0006618827774335645
0.010106775116989826,0.009989159475385413,0.000409619069496929
0.011207626389376849,0.00697685034940106,0.00016170703624864696
0.0047735475802821205,0.009387313129181469,-9.314304438012844e-05
0.01921863850242115,0.017333474366975944,0.001900396078537675
0.005610622646748595,0.00637307663818466,-0.0002683047928423096
0.019892161013990883,0.00951593279848664,-0.000719599458597002
0.014078592953139506,0.017744322567394152,0.0015711569928588687
0.02366344997855211,0.01722683837208084,0.0002083233250093075
0.019301614414668627,0.019362372116416948,0.0013894129943177597
0.02404041939249215,0.008198626730385784,0.0026094761526590446
0.012836046950061679,0.011101664376167934,0.0015023307417736734
0.01822144524000214,0.0234971157999469,0.0036229818718030438
0.01632722329858937,0.022136340196917265,0.006700720900783261
0.019342365432181895,0.0063168529516333775,0.0029640863228416747
0.014299002290753891,0.014848962436385386,0.0015276026135684004
0.023720984632281672,0.020304462277872748,0.003438921769673871
0.01308255010252081,0.006280970419861375,0.0003857635446526536
0.02062310848232144,0.009959088321820863,0.002094657984063615
0.02221815866256885,0.014719938126911851,0.005792031698228797
0.014277898281615152,0.006136471286054386,0.003717405001833443
0.011353759628187195,0.01446795911049021,0.0054050610792433645
0.008088044303321235,0.016852788468026195,0.011270619074475685
0.012376416651066424,0.011290868262259751,0.004605581121501591
0.013957209038121206,0.013926840734816946,0.0032999897656690036
0.02376606446094575,0.01741857125922492,0.0019868924552245773
0.02379957266577979,0.014008719140463623,-0.0008801187796486712
0.016089566222198655,0.00604023347864362,0.001055760653648402
0.02149242039388176,0.02254253769750568,0.0017965990580622385
0.02423595564563181,0.023444914556121896,0.010002444594481588
0.024424116887181206,0.015260444218119833,0.005300104296409938
0.015406781348627878,0.004755902922157856,0.003341860950032846
0.022085433768629134,0.021071633416022445,0.013585494477624104
0.010878349842150983,0.02378569877896703,-0.00027923529648169604
0.008091520853407263,0.006971427638723743,0.004746374219083867
0.010672462695551298,0.008955274562051706,0.0037255370228509166
0.012764788924269223,0.011258973565831207,0.002032865571940101
0.010664592641230333,0.01314763953797761,-0.0019054376534301705
0.009892517247852908,0.01628447135156247,-1.5941872196584272e-05
0.015830701065186054,0.004560075715415484,-0.0012218723511844068
0.019071503927178254,0.007652210763034625,-0.0014980942178023059
0.007859756473157519,0.011149395943396367,-0.00047101004202458954
0.017981130121676722,0.019541127235003383,-0.001034781129736137
0.010863543564114689,0.01674713479038191,0.001690273824068951
0.019289435238396373,0.009739379358826052,-0.00014674185518397803
0.017992504853511594,0.019199158374823243,-0.00036641247762063053
0.020249075571852126,0.012682111672703195,0.0031718240511643403
0.020303631530969146,0.013604784430290381,-0.0009446275673245103
0.01037423320321993,0.011488553619248942,0.0012458693099041615
0.02131392654929489,0.014735607285010374,0.0005776032916256432
0.006639523958617291,0.010104143835859346,0.0019539948893415246
0.016586175650628407,0.014692385325974076,0.002349114634983933
0.02006732175837391,0.02224955425665462,0.0015331311562542388
0.021276097971538406,0.009518642822772112,0.0011181449208985533
0.01865272590443664,0.009529253978766118,-0.0009267316472814299
0.016095889267986198,0.019900125589637524,0.0014898402038120429
0.021502886609796094,0.01529751937354596,0.0003850724768169264
0.012765427416882108,0.011068398694958424,-0.0003744658126964111
0.010134460944252605,0.012647384495096115,-0.00017118239289908715
0.017849412189655127,0.02263107669329209,-0.00034725074025467734
0.005329280862116679,0.008330520790527037,-0.0007476390228625465
0.01088862479155573,0.009746258241688198,-0.0011044866106915477
0.009081834146966707,0.014151463946172255,-0.0011855194461227042
0.010140738986155536,0.008829830785646899,-0.0018769465002818689
0.011819271372352266,0.01469929082989993,-0.0018623006517434586
0.009543377111057835,0.00983715320161277,-0.001089878394560033
0.013343071965035577,0.007864657499849895,-0.0019424987319670989
0.0063052491674570645,0.009690399263709716,-0.0007755485842679093
0.009829098336210741,0.012722346748391455,-0.0003475791685330458
0.009723192944755085,0.014728001647109003,-0.0008380491698666524
0.013117914717594964,0.012856160187226053,-0.00018575639775160468
0.018767522375845322,0.014132291456089754,-0.0009295985524613373
0.020324803045934793,0.012467399483366372,-0.0001980450891671537
0.01862249173220789,0.012215886335559624,-0.0006497776592930028
0.013920606816220316,0.014216445962683462,-0.00047529329415495203
0.017097104752592115,0.016201482847559172,0.0010869852879885206
0.010366537538951823,0.01399262670745214,0.00119842168706389
0.013168847864000972,0.01623899725053648,0.0010013955101950273
0.014645402816073405,0.018997927092148148,0.0022960734680277303
0.015031749914468803,0.01598956054569895,0.001127624866308491
0.01744889730583632,0.01356227325365509,0.00039103892387391814
0.016600807538611845,0.013362335754676206,0.001199677241003061
0.013778470484911778,0.012995867529565601,0.00011104697431060101
0.018854571139649896,0.019169936433190975,0.0003206184271874815
0.011111008674607327,0.011001696957731677,0.0003828795338332511
0.01687969942427537,0.013429780219580405,-0.0006305543416248588
0.007749210056101578,0.015463664094253912,0.00020002708985265155
0.018484847351131872,0.018575525350080675,-0.0008548640134934393
0.011256269963153383,0.015293494268713306,-0.00102012159668613
0.022228703635281247,0.009744895243226349,-0.0009439775530235769
0.016174218529147813,0.011668594535212469,-0.0014209888371999498
0.018416030786079444,0.011943824388676673,-0.0008887366008278955
0.01941142670585689,0.015951396588767174,0.00029624289090246503
0.012512767170459939,0.009188440472750907,0.0009387820273756009
0.01833463844802164,0.013604619379695392,0.00015359554199857045
0.020436080776115632,0.021860026866160148,0.0013529916666980626
0.018228612108626092,0.009862531061645599,0.000438845765143657
0.020631903929019674,0.013369802963046296,-0.0002265841381060528
0.0075515276802146335,0.011384648945490274,0.0019385827081535925
0.0233526615896721,0.01790281639439243,-0.00030211237874666966
0.0046374023911121345,0.012934652393569071,0.00046679980121171194
0.023330632188156092,0.015071674255366457,-0.0009837105324501348
0.01300439804415484,0.018384593756954205,-0.0015470676636858242
0.02302407416442931,0.016006060280985168,-0.0007268761976395588
0.01527189908096973,0.019777775180835587,-0.0010459237433053034
0.02434159663926539,0.023750612216999895,0.000877954373319785
0.02420994058758514,0.022640303553973284,-0.00010596543174802575
0.02441947867432371,0.015779887723722054,0.0012599540934670264
0.020687753749819196,0.023186828667685642,0.0018089288030125814
0.024414089459141808,0.02373273883482635,0.005282379432761844
0.024197682654514815,0.023828308453538047,0.006494252410911366
0.021084662697383724,0.011282573138808344,0.0042691679306172126
0.02326180718487529,0.023220360559532235,0.0057551622028542485
0.012166771680101905,0.02270762023777169,0.0080962639724814
0.021756500376023412,0.01706051529024604,0.0020515175612490083
0.004967429940662408,0.004841510938830021,0.003113685403637656
0.016951041832351466,0.011895714802343589,0.0007650503103754716
0.008739174569555301,0.01389171956546699,-0.0007232908556007236
0.005564547107137545,0.004579248205497981,-0.0007282891234621156
0.004129218526109559,0.006049026415986369,-0.0017139058079681524
0.008404629755087416,0.010519427105491301,-0.0012475479160712934
0.00796148775431571,0.006772696073930832,-0.0019014315126596772
0.007599949047310914,0.005161490800387358,-0.0019317974438969876
0.009450902566415113,0.008518715738304324,-0.0013985975550967304
0.009812489090047304,0.007627394607446034,-0.0014372905116417922
0.014330229361186823,0.012105488784362572,-0.0011319377409583567
0.010701301747357173,0.008509669900856349,-0.0005772223787971834
0.016890655057434818,0.010085828544028248,-0.000544307707274632
0.013186134981176323,0.013794326403891298,-4.807310543011173e-05
0.019690529547229517,0.014988741655596945,0.0008143590267931586
0.013971663723308998,0.01306727320874955,0.0002654835299566935
0.01851272444490424,0.01558400727485227,0.00017648630877514088
0.018785903649965234,0.01983419852536468,0.0012132112229740824
0.022440053128375326,0.015457453400090838,0.0020745485942694625
0.016785829759209774,0.014085374493410789,0.00020194976373225093
0.020075163685266996,0.017818709805713394,0.0013767445577053464
0.022920753683595863,0.0199887045170195,0.0024264047564928684
0.018799669213169952,0.010607170131472846,0.0009190421193946072
0.014636506110634807,0.013116554121885789,0.0001361272629429519
0.014150649797883774,0.017781653285031868,0.0034511967765778195
0.016785008438315666,0.01323149322655142,0.0025426170501161444
0.012119149131957427,0.01273928839333522,0.0012465022185655927
0.02332809228141848,0.01861447196628547,0.0023169047158087056
0.020805832692061536,0.008513913298411401,0.00016043779779787576
0.022072534530203136,0.015160852156681864,0.00013487170900378098
0.01837812626426768,0.010032868599887564,0.0030107162961139286
0.02433701749400645,0.01901515358247359,0.0017186007630780736
0.009961660091068754,0.010791510349225215,0.000428794491374479
0.0244274134217288,0.02356149085620557,0.003899090841200256
0.02184476143196963,0.02225277274325691,0.00026333164050781205
0.02435812150314519,0.007163615746057228,0.0002565407016269991
0.009607046356808133,0.01833037463650014,0.004517182597702486
0.024391269676902354,0.02387559278689618,0.006062653178474972
0.020240822984511984,0.01891749953447356,-0.0008496160032953753
0.022829463303666912,0.007482956702085576,0.002149543138957731
0.022925968508724907,0.022179799083420562,0.002982252511988824
0.024427784703776823,0.02390687786096582,0.007683439889958295
0.020993203552887488,0.007036771701701382,0.0008109447411493026
0.024427784703776823,0.017290547901746806,0.0009629283480913423
0.02310143865481462,0.023904087973489217,0.0183168219923895
0.02442776220183452,0.0172391586003649,0.01448675299038052
0.006373683199490322,-0.0012861627749650648,0.012824142990323951
0.017105360152675046,0.01898154182743588,0.02108910561684929
0.007701773148981111,0.011143052143914749,-0.000960238173930622
0.002769440216368598,0.004424483989525194,0.0022078288949841027
0.008233339344780745,0.0028672955163516096,-0.00038949482755958054
0.001167586011316897,0.0038240592081232594,-0.0016149736313660172
0.011529145391993269,0.006508471368203515,-0.0023032669323691003
0.0013837396690929635,0.002623542408615738,-0.002617737008905111
0.00391025493828823,0.0017588716246355225,-0.0026739392980405924
0.003341712425796891,0.005276488471393146,-0.0024678094998307615
0.0021150162283297275,0.003664513849108514,-0.0024373785671633584
0.006742068122441231,0.007514220479304241,-0.0024977580534643155
0.005058492488425527,0.0036027077254976655,-0.0009186851544614495
0.008554188914613611,0.0023620170787484115,-0.002188895205555836
0.004516701972591332,0.0077105135546614995,-0.001906101352242704
0.011014087183616704,0.007267355369220907,-0.00019700848741355942
0.007729509605614075,0.005213356618809641,-0.0014202361890620283
0.008921189968112801,0.005540630651822968,-0.0005453340456445278
0.015241558024515031,0.009166145331895463,0.0002300030125094027
0.014412763672816575,0.011084730717543276,-0.0003912088126373052
0.012007505745214149,0.010965180844643423,-0.00020216754828623895
0.01386994088037917,0.010918207977730666,0.00041823346954825147
0.014084122805460814,0.011911650171079188,-0.00047202269588288506
0.012564096913599061,0.013516964203224083,-0.0004796347054596105
0.015381584798732528,0.012247533456095687,-0.00016119954168790362
0.008803864840937661,0.011254349487065128,-0.00033972083774754316
0.013123886170533991,0.014235365552660736,-0.0006645056149010044
0.01193176139467475,0.014130550438523251,0.00042992004245346466
0.014391564030423042,0.010197652984240045,-0.0007319634148263421
0.015643048930081296,0.014221913929169085,-0.0007904886498056908
0.020693342669739052,0.01159832291334248,-1.577765805739484e-05
0.014285953976960128,0.010684906299606556,-0.0014766711148946864
0.010670516277541967,0.013760099702281932,-0.0009588423537475639
0.018888324053106496,0.014006908908131478,-0.00019622847025244083
0.01702186388301178,0.014359494248518366,0.000657917690197872
0.02001074343719228,0.014564803878153523,-0.00042279950766269114
0.024157947037148034,0.023080288508619887,0.001611314192144983
0.023394200175166018,0.012348264899060359,0.002826515927740865
0.024418893623823795,0.022874635467262892,0.0012746752068192313
0.023066760348980753,0.02270348066236509,0.00581714961926804
0.024427784703776823,0.023580727236840966,0.004419704400457698
0.017197227144875545,0.013439760456364531,0.007441596937603996
0.02312777155279635,0.011515989287506398,0.0038478833987982686
0.0015323621852707386,0.02191349527261765,0.010618179193860953
0.013048051812225375,0.020534678574713104,0.014014117328787802
0.0031435518836359783,-0.014444752911268559,-0.004785250748903919
0.005294549114169836,0.0006555430045131448,0.0011669883639218864
0.009164405024252698,0.008736324299372572,-0.001562455896978461
0.0032550686969537966,0.004888244216169402,-0.0010610246018543691
0.007523211798567332,0.0032499679829412695,-0.0019190229523196878
0.0111590559469128,0.005869336898063786,-0.0011692417195761605
0.023010615190188488,0.004512224353400367,-0.001478077198461443
0.024002782081245254,0.020805337591538645,-0.0010647502101370915
0.024343469925962237,0.019548072670524795,0.003099350877738112
0.024426884626084645,0.01509740351344023,0.004336762575658536
0.012697825956714114,0.006775382139258965,0.004822761162827295
0.01894108266958195,0.023825454675508548,0.0076860125781388275
0.021340492904928024,0.02390678202513647,0.013644163399975234
0.02424459076599112,0.012612505577425902,0.004573850160232318
0.01981070960833453,0.00010772144499820308,0.002105195057994544
0.02442061783515287,0.022920008408246796,0.004931056966490779
0.023032506767307878,0.01996272502094687,0.0032350601792615064
0.016049827792089084,0.007304776598475234,0.000562098739984418
0.005937739007513234,0.014401121605838556,0.0018781621683178415
0.02080439538049684,0.016481853228425387,0.005745849892711395
0.0026820651744006094,-0.004995638958919385,-0.0008415010879174005
0.010496863163293332,0.01830729949847805,0.0012945211697651116
0.020788205233008825,0.02351483744205731,0.00031633517505711556
0.019150837337515207,0.012418217068165857,-0.0013132301506167121
0.02420064728541342,0.0040933286054232396,-0.001998759180276876
0.020262734250830895,0.020180392148355278,-0.0009229786699755105
0.02229966913582375,0.007808556270191669,-0.00025742218499351724
0.017931932437570942,0.018644423325063338,0.002326056232940278
0.00456094360390457,0.0034890011760817137,0.001770372691583505
0.018833166167032837,0.02075936301451494,0.004120499396609939
0.006688521937985123,0.007776951743357539,0.00036599284652056446
0.009431092418958877,-0.0009412469630324521,-0.0003552903908188611
0.01400176007114113,0.007978049920714093,0.001527513664243009
0.006786388510552535,0.004156383256921994,-0.0007669273419607867
0.006249807194361811,0.004509908320857771,-0.0015422233465799198
0.005038732970339476,0.009548540939422562,0.00012439963650294483
0.005288031989129926,0.004639446416860867,-0.0014588504596654006
0.010640920597926103,0.00947057849224733,-0.0016244262077527577
0.006749665340711756,0.01327812268174234,-0.0012801238959317812
0.014056673248592229,0.006957150762257145,-0.0022353951759679046
0.006269139175544079,0.010235194008281056,-0.0018161530575050537
0.010687719012433677,0.008156056987410332,-0.0015614877177828577
0.013950033731268893,0.013608151994849445,-0.002059142087705735
0.01015272970866099,0.008444908839173912,-0.0014144681674232128
0.02090448401986681,0.014671993591173757,-0.0013648652340061615
0.013516165343469388,0.010332025465412512,-0.000612473680675199
0.01901883250572923,0.011140901161967143,-0.0006054364205856123
0.014866234065106003,0.01879604891762495,0.0002798522671352277
0.023653281913373306,0.01327775797316954,0.0002869168962480115
0.02106565980710766,0.017096304648295063,0.00011977085045471181
0.02399092918313641,0.007387765102478534,0.000752310030077169
0.02440183715155706,0.0238565560642386,0.0017213752978046878
0.023702690553188195,0.019099369317513826,0.003170595866248363
0.024424752567051303,0.01607130584602709,0.002787816128940003
0.01382621960648172,0.014208060327615443,0.007082898519581285
0.023557145177620545,0.01651465570312638,0.005839202209709196
0.016804683574118073,0.023588183796785574,0.009226892005269986
0.0077092803594824184,0.004158845705314981,0.007150486322366804
0.020794140120291613,0.020451450481136432,0.003610515281736712
0.0031700029168147993,0.01000746944300377,0.004268576075490575
0.02153156252252026,0.010744351134866506,-0.0008723836094675572
0.002202138123446787,0.010610188960097335,0.00019637674638372377
0.024421894820378647,0.013825590181109966,-0.0012529635615364451
0.016634805160691005,0.01863431530717341,-0.001273001107644705
0.024369664999547347,0.005579739656516383,-0.001008842138000978
0.011234021167699906,0.012683464022739559,-0.00030480138527579775
0.022956852424537696,0.02344855365553078,0.0031336853173390203
0.01625005007471364,0.02368235314754623,0.006915102459487052
0.024241029833621454,0.015658306663661276,0.005357900831146657
0.011962628434030807,0.00423364024590896,0.003843011712669167
0.021727641635018016,0.021713288900895314,0.0062319476925892445
0.011477126526871072,0.022959186627705852,0.0025008895531240943
0.016534567445953267,0.007658812786834206,0.002604395777728065
0.006219879611096959,0.006744222184188763,0.0009672047579659046
