SPY,DIA,QQQ
0.009402094,0.007920378,0.006044595
-0.0013506871,-0.0010879633,0.0051380224
0.0032412123,-0.0032926584,0.0005877104
0.006239534,-6.516292e-05,-0.0056361225
0.0033385684,-0.0023019258,0.0101502
0.000690321,-0.0008153416,0.005535617
0.0050495607,0.0032719155,-0.0020569842
0.00075064437,-0.0011153731,0.0019341684
0.005607308,0.003675932,0.0019805646
-0.0024247398,-0.0004484043,0.0031160112
0.005359497,0.006248549,-0.002739375
0.0006370475,-0.003398648,-0.001503841
-0.0014036706,0.0008226361,0.0034641817
0.0037547355,0.002321966,0.003356258
-0.004914545,0.0031851344,-0.010592331
0.007970416,-0.001759248,-0.0053427275
0.005374752,-0.003584783,0.0039340383
-0.0009437727,-0.0017071533,-0.0021323545
0.0036887454,-0.0010783405,0.006737069
-0.0020790354,0.0041377647,-0.0052434267
0.00070446124,0.00057054724,-0.012405333
0.008588848,0.007293811,0.003330323
-0.0014885864,-0.00088655413,0.02239895
0.012092889,0.0056812707,0.007951505
0.002324316,0.017740108,-0.0023899782
-0.004788412,0.001266696,-0.0012108954
0.0031287007,0.00029334432,-0.015537793
0.008790143,-0.0007710692,-0.0012916957
-0.0016628695,-0.0006235826,-0.007031507
-0.00038510733,0.010194326,0.0072031273
-0.0028239747,-0.0036462476,-0.0012701731
-0.008796119,0.00049049506,-0.00022337819
-0.0026503156,-0.01435472,-0.0018257094
0.0009277742,-0.012085728,0.00023854911
-0.0057026055,-0.0077255145,-0.014548187
-0.00035252338,-0.009111218,0.006270276
0.001632113,-0.010289784,0.00058327924
-0.0018554304,-0.0059960517,-0.0061227987
-2.2054272e-05,-0.010008933,0.0016474342
0.0010687123,-0.0063893693,0.00081139937
0.0012867652,-0.0053688306,0.00209835
0.005187852,0.001165281,-0.0041253925
0.006108699,-0.002872678,0.0016975773
0.0061258418,-0.0044524367,0.0025444515
-0.0007254657,0.0025037583,0.0010409624
0.008468793,0.0023332164,-0.00088249036
-0.002241981,0.004295265,-0.0072610425
-0.0023966916,-0.00078727177,-0.0038908746
0.006263615,-0.005729206,-0.004172603
-0.0017304735,-0.0007176389,0.0015399412
0.012215629,0.0024063997,-0.0016807525
-0.0071435417,0.0020952926,-0.0039920015
0.0029413248,-0.0022064052,0.004299686
0.0025490876,0.001121675,0.0024665955
-0.0008240361,0.0024934933,0.0025073031
-0.00033288784,-0.006790999,0.0066406475
0.0010106283,-0.00064869446,-0.006749684
-0.0026570642,0.0005475062,0.014769653
-0.0040116026,-0.005221914,-0.01380952
0.0031546226,0.0025980058,-0.012516433
-0.00069712056,0.0020587607,0.009773583
0.0036979509,-0.0005685815,0.023141867
0.0002241279,0.002496182,-0.00437344
0.004314691,0.0012158882,-0.003781379
0.00028716875,-0.00035820808,-0.001665192
0.0034981074,-0.0015558399,-0.010367482
-0.0027180135,0.0014243464,0.0030745943
-0.0017073546,7.0255395e-05,0.006552309
0.00438175,-0.001411393,-0.0023179234
0.0041691796,0.0011315247,0.008783694
0.00441484,-0.00073581096,0.011321132
0.0026593022,-0.0038942061,0.007869451
0.0015633078,-0.0030536586,0.0024907384
0.009883009,-0.0032299138,0.013978098
-0.00050695403,-0.0004364294,-0.009900161
-0.0010098326,-0.0024958267,0.0051910565
0.0029038927,0.012254488,-0.0029200607
-0.0008336039,0.01132391,0.013783245
-0.009833928,-0.007434246,-0.03142434
-0.005515954,0.0043289145,0.0019995044
-4.0675717e-05,-0.0024410854,-0.0043858327
0.0045422786,0.003982828,0.0036511885
0.0021893454,0.0031784824,-0.004183245
-0.0018622852,-0.0005146053,0.0058607315
0.0038861856,-0.00084253354,-0.0006681843
0.002347774,0.0038403939,0.0048746997
-0.00022533044,0.0034257113,-7.3951145e-05
0.0021696994,0.0035034297,0.0049066725
0.0046470338,0.005706542,-0.003370011
-0.0009779307,-0.00056752673,-0.007987419
-0.00048880104,0.00043671986,-0.0010561682
-0.0010418583,0.004548075,0.008607729
-0.0014151693,0.0027056648,0.01079711
0.0017263172,-0.004032682,0.002009515
0.00024285259,0.0019398922,0.005520886
0.0060790903,3.6131765e-05,-0.016568707
0.0056149424,-0.0012700176,0.0038936376
0.007845167,-0.0002164268,0.010880051
-0.004439077,-0.015493534,0.0010736219
0.0036206818,0.0014180881,0.0037662704
-8.6319196e-05,0.0025747,0.004023571
-0.0021379916,-0.0055124615,-0.0011403698
0.00060180033,-0.0009936909,-0.010301752
0.0008671675,-0.0011459964,0.002165456
0.0019459052,0.0034746216,-0.0079077585
0.0045800023,0.0022517378,0.0133710615
-0.000925664,-0.0034711426,-0.0028358449
0.0019318376,-0.00045603124,-0.005280733
-0.0020316504,0.003470641,0.008222263
0.0018647002,-0.00015527749,-0.0024121983
0.00086821103,0.0011991928,-0.0028639766
0.0053712726,-0.0006660387,-0.0024003084
0.0016696702,-0.001596652,-0.009931985
0.0061222394,-0.0014476225,0.0016472432
0.001945928,-0.0027893698,-0.0053423834
0.000106099,0.0012705734,-0.012265238
-0.0019048741,-0.0007304767,0.001856179
-0.0029797878,-0.003729919,-9.658787e-05
0.0009991141,0.0018719368,0.00093759934
0.0015633325,0.001759615,-0.0063969083
-0.0042164437,-0.003255099,-0.00839368
0.0028385252,0.0007701785,-0.011509365
0.0055263643,-0.0047346605,0.012466357
-0.000627566,0.0015570162,0.0006634414
0.002614473,0.0023809727,0.003926478
0.0049357126,-0.00081000687,0.0025624929
-0.0017587333,0.00063878286,-0.0024618772
0.003012596,0.002831257,0.00068087736
0.003403618,0.0025384417,-0.0027053158
-0.002171072,-0.0010573575,-0.0058659124
0.00030812656,0.00026896535,0.0012043103
0.0039618476,0.0031306967,0.0010637458
0.0015213582,-0.0021640896,-0.0038813937
0.0054259025,-0.0006488593,-0.010203143
0.00044918823,0.00054981164,0.0048898007
-0.0056973896,0.001316255,-0.00061490183
0.0025883918,0.007940311,0.008268936
-0.0045263176,0.0018238855,0.0030831012
0.008222098,0.0046895724,0.0025563966
0.0008991139,-0.00062074413,0.0012746751
0.003744894,-0.0025311029,-0.0015955993
0.00073139876,-0.0030466989,-0.0020025433
-0.00789538,-0.0038693193,0.0049707205
0.0054253475,-0.0041932003,0.0007355479
0.005471447,-0.0014247878,0.008912365
0.0040796595,0.0043542166,0.007614537
-0.003680678,0.0023880354,-0.007760628
0.003357941,0.0023717969,-0.0037909818
0.0018704259,-0.00081226765,0.0040922444
-0.003354036,-0.003244691,0.01042404
0.0072444263,0.0018722819,-0.0013704721
0.0034527658,-0.0010077916,-0.00085695024
-0.0026804262,-0.016694237,0.01258302
-0.0066927513,-0.0075857043,0.0007817898
0.0025252947,0.019903408,0.009571844
-0.004440296,-0.0103630535,-0.014093394
-0.0016452775,-0.0022973283,-0.0047525787
-0.00093219045,0.0012508063,0.0066747637
0.00018635936,-0.00010615034,-0.0016898473
-0.007880557,0.0013622873,0.01415281
0.0022486262,0.0022913376,-0.00045458862
0.0014513505,-0.0018547102,-0.007705638
0.0029043562,0.0011199021,-0.008239255
0.0017795033,-0.0014800878,-0.0013068772
-0.0010051836,-0.0013575527,-0.013780716
0.0028164187,-0.00101661,0.0053811152
-0.0014716481,0.000522919,-0.0051785177
0.0009852387,-0.0018712132,0.0028012122
0.0009309829,-0.0003981609,-0.005819278
0.0016602243,0.0031407545,0.00019954972
0.004592161,-0.002751804,-0.0065105665
0.0016228936,0.0018064431,0.002380846
0.002509418,0.00082404655,-0.004703751
0.0016132547,0.002177076,-0.0035260774
0.0030020506,0.0011226312,-0.0021866476
0.0016733053,0.0027048588,0.0020961233
0.0006551857,-0.00068504375,-0.0012208708
0.004231352,-0.0012352777,-0.008192336
0.00052797166,0.0031341836,-0.0036094019
-0.003557356,0.0025057006,0.0012863997
0.0024828995,0.0028689974,-0.007226604
0.003079762,0.0028482373,0.00024928918
-0.0020176887,0.00031398403,-0.0065415315
0.002590933,-0.0010694332,0.0048022545
0.0009328323,0.0027003721,-0.009082352
-0.0015102404,-0.0022752099,-0.0023740535
0.008922167,0.0059970114,0.009111878
-0.0016930157,-0.00073937955,0.0059829527
0.002724203,-0.015973264,-0.0108136
0.0024523102,-0.00040282018,0.012197581
0.0045041624,0.006713129,-0.0012357174
0.0054665757,0.005725333,-0.016312268
-0.0043611666,0.0095075695,-2.6023074e-05
-0.0046724724,0.003315745,0.015600766
0.003691232,-0.0020354814,-0.0070420043
0.0006272877,0.01101341,0.002716651
-0.0008223894,-0.0059690247,-0.0037623944
0.006841448,0.003486047,0.007701503
-0.004265972,0.013486695,-0.01137101
-0.004862341,-0.0010582702,0.0030626452
0.01513849,0.005344961,0.009608944
0.016881963,-0.007045192,0.0054060854
0.009163683,-0.0028101811,-0.008191164
0.012351778,0.00409996,0.0010303461
-0.013119036,-0.009263139,-0.009121919
0.0053574936,0.0058717667,0.000116326846
-0.0036066878,-0.005222047,-0.018081084
-0.0060061757,0.0030839592,-0.0030855434
-0.0021435467,-0.008940138,-0.005951506
0.0025179323,-0.0063435114,-0.0042102425
-0.004418626,0.0011355611,0.0022330696
0.0028968514,-0.0072345803,0.002296354
0.0036197684,-0.0065272977,0.00729079
-0.0056359954,-0.013404365,0.0032735316
0.0018932098,-0.007380249,-0.0065522464
0.0034826198,-0.008776971,-0.0053794817
-0.0010000067,-0.0100380415,0.0051359646
0.00052330317,-0.00690032,0.002616081
0.00011063847,-0.012253969,-0.002855544
0.0050448673,-0.007797667,0.005146804
0.0007750095,-0.0070306323,0.0014212341
0.0056534293,-0.0083129145,-0.009795037
0.0011594723,-0.009439017,-0.0073189186
0.0011377651,-0.0071480074,0.0065507656
0.001161156,-0.0062438725,-0.0008575011
-0.00045466932,-0.0044197803,-0.004826423
0.002592831,0.00057436794,0.0015064132
0.0029431928,0.0012905719,-0.0014753623
0.0015128143,0.001491274,-0.0006871082
0.0028952134,0.0022282503,-0.0022844207
0.0016896207,-0.00053617917,-0.0035395755
6.535178e-05,-0.0021318067,-0.0034981112
0.003134104,0.001378154,0.004057711
0.0052985223,0.0008846569,0.0033884177
-0.0018945539,0.0022483505,-0.0014727686
0.0008024076,-0.00029054272,-0.004446406
0.0005387689,0.0008921076,-0.0026431624
0.0013664785,-0.0020075524,-0.0003542676
0.004954318,0.0020354488,-0.0009902641
-0.00066839985,-0.002720443,0.00862022
0.0029340873,-0.001847762,-0.0020475464
0.0039738677,0.013555399,0.00058508175
0.0037521375,0.0017593901,0.024414968
0.0030537273,-0.011632595,-0.017828694
0.0023675738,0.009847164,0.004141148
-0.0028388458,-0.0030709421,-0.000882351
0.0033002677,-0.014924115,0.006631779
-0.0090673985,-0.008609138,-0.013742217
0.004967866,0.01020596,0.011149598
-0.013012405,0.0034626927,-0.014932757
-0.002427572,-0.009764552,-0.014019874
3.5423436e-06,-0.011854573,0.0053330115
0.0051659383,0.0058786348,-4.8633083e-05
-0.00462094,-0.0046095382,0.015485825
-0.00089140865,0.0054668146,-0.023255743
0.0054838955,0.00067496626,0.0003827001
0.004641561,0.007065337,0.0004965619
0.002583138,0.0068456796,-0.004847386
0.0022804963,-0.0032574548,-0.002212938
0.008250198,-0.0017146833,-0.0020051084
-0.0029533128,0.004908257,0.011972327
-0.0072660833,0.0076057836,-0.020584097
0.0012323941,0.003972859,-0.013233551
-0.016826509,0.0026016803,-0.025601372
-0.005261286,-0.012547452,0.0053438377
0.014353152,0.0026905234,-0.0025660861
0.011385574,-0.0017708367,0.006943524
-0.006585052,-0.0068108365,-0.00067302963
-3.8955506e-05,9.536016e-06,-0.011648434
-0.0012633477,-0.0005264241,-0.003170332
-0.0017235882,0.0008835842,-0.01605179
2.2016728e-05,0.0032305862,-0.012702436
-0.0050583067,0.012590769,0.006687678
0.00017945719,0.0017324928,-0.0064802542
-0.002927684,-0.0085805785,-0.017509528
0.00014225708,0.0021930013,0.0099275755
-0.002574885,0.0006765624,-0.0012279993
0.008436601,-0.009856206,0.008978234
-0.001503271,-0.0014670512,-0.0051590838
0.0042578084,0.0028622732,0.002184814
0.00067264296,-0.0035009542,-0.020524213
-0.005172741,-0.010704736,-0.01758371
0.0011509857,0.009533615,0.0010198278
0.014988012,-0.0034143422,0.0009187016
0.0014938326,0.0008562641,-0.0041673775
0.0037115524,0.004746896,-0.002422772
0.005229158,-0.0012754728,-0.012868619
0.010647606,0.003384314,0.004759806
-0.0022017371,0.00018532784,-0.008085629
-0.0012068378,0.0031274534,0.00013575912
0.005482544,-0.00029203354,-0.0020526682
0.0018118247,-0.002445762,-0.00014359242
0.0043886583,0.0015858626,-0.0028537386
0.0031174012,-0.0021168166,-0.0031828063
-0.00077160844,0.0019311149,0.003910281
0.00047625488,0.00014670516,0.0012985026
-0.00014024178,0.0044919862,0.0005706438
0.00090348464,-0.0013142482,-0.0006713606
3.9582606e-05,-0.00052044925,0.0071930727
-0.0024160761,-0.00021671766,0.009482278
0.006537547,0.0023539327,0.001973312
-0.00116976,0.0030644117,0.020046934
0.0010905138,0.0044714003,0.0020987873
0.0013386308,0.0017063624,0.0034504998
0.0030414567,-0.0011179158,0.0019125012
-0.008081401,-0.00044258323,0.0012373358
-0.008766884,0.01591962,-0.008687268
0.0002984549,-0.0028832923,-0.029707614
0.0032757204,-0.003697955,-0.0047321017
-0.0031531611,0.008851358,0.015956838
0.013139288,-0.0028450931,0.0039676502
0.004788678,0.014531401,0.0073514
0.009119109,0.010152121,-0.020646721
0.0006723013,-0.00038611534,-0.01164404
0.0020479849,-0.010033631,0.0030369312
-0.0020291544,0.0059440224,0.0074245986
-0.007877491,-0.0047877356,0.00025970105
-0.00210858,0.003895741,0.016446527
0.0070036044,0.00072396424,0.005939613
-0.00031943872,0.006445354,-0.0037806972
-0.011150919,0.006101712,-0.0071299677
