SPY,DIA,QQQ
-0.0066339043,0.011480324,0.007960639
-0.003525368,-0.008190727,0.0007614336
0.001057248,-0.0025071912,-4.9353985e-05
0.0004367024,0.0072477516,0.0030981908
-0.004863463,0.0005777328,-0.0007438056
-0.014207739,0.012467029,0.0017510206
0.0056593674,0.0030583995,-0.0012689983
0.0009519381,0.0027149897,-0.013770045
0.00084537023,0.0088613,-0.0018157144
-0.00544414,0.011644818,-0.0036605129
0.005485727,-0.0028241486,0.008548305
0.0025779575,0.0015012692,-0.0005498344
-0.004598094,-0.002401411,0.0063640093
0.005704244,-0.009519097,-0.00358874
0.00020720519,0.004541464,-0.004515909
0.002310684,-0.0008858958,0.00060789194
-0.0024734195,-0.0055028484,0.0037479883
-0.0051096664,0.0056153517,-0.003378006
-0.006187645,-0.0007334505,-0.003493496
-0.0025696335,0.004614055,0.00031132123
-0.005886635,-0.004388443,-0.006317773
-0.0046468014,0.0076828157,0.0016359924
-0.001762067,0.0012613639,0.0076074773
0.009676229,-0.009037353,0.008246936
-0.002758332,-0.008676947,0.004490425
-0.019294705,0.00076873705,0.002498535
-0.0004513261,0.0015404177,-0.006005151
0.008553826,0.014092892,0.003239642
0.00083217147,3.084427e-05,-0.015184311
0.0018273897,-0.0017612689,-0.0007720022
-0.0005851629,0.0018148579,0.0064547514
-0.0068784216,-0.0019720397,0.005846367
-0.0012072409,0.013191301,0.005759687
-0.0010170153,-0.006566463,-0.003271106
-0.007751583,0.01194616,0.00015843433
-0.0044257115,0.0019165732,-0.008332026
-0.005487537,-0.007617985,0.0028834755
-0.0024563193,0.0030496535,-0.009172592
-0.0038938345,0.0018334418,0.007251789
-0.0047725653,-0.0014042729,-0.0056860186
-0.00149619,0.0031429748,0.007671864
-0.004019546,-0.0010821184,0.010172981
0.0012897317,-0.00013654132,0.00064367085
-0.0022789168,0.0037342533,0.006465165
0.0009743257,0.0015008483,0.00015816308
-0.0061216285,-0.004954648,-0.0038976406
-0.0045168605,0.008013552,-0.00518414
-0.007317378,-0.007380103,0.0036958158
0.008886194,-0.004050488,-0.0022421149
-0.004809574,0.0053305835,0.012334992
0.007370612,0.0100335535,0.0032785097
-0.0023936613,-0.00021962618,0.004223012
0.0011606493,-0.001606304,-0.00442775
0.001374392,-0.0024302118,-0.004254307
-0.002851424,0.008382464,-0.0007361391
-0.000245158,-0.002141674,0.011769321
0.00432966,-2.9296149e-05,0.0010517266
-0.012592826,0.0029088566,0.016733496
0.012920477,-0.00032325392,-0.00859381
-0.0086025,-0.0072558206,0.0102572655
0.0077061495,-0.00543159,0.008267684
0.0012943374,0.004049833,0.010867916
-0.005108449,-0.00503252,-0.004435964
0.004141012,-0.0009860527,0.0026302512
0.0013913921,0.0019018559,0.00086656836
-0.0021891398,-0.0030640461,0.000624234
-0.0032805158,-0.00036669214,-0.0044305283
-0.00049945805,0.0033741435,-0.024260994
0.0035036267,0.0062376894,-0.0046312213
0.0024178943,0.0038949517,-0.0015912645
0.0017358202,-0.0018622057,0.003568653
0.006651471,0.002715583,0.010449421
0.010448481,-0.007307344,-0.00076879346
0.011793217,0.002251957,0.011170854
0.0021819873,-0.0012356355,-0.008853203
0.00037394703,0.002948151,-0.013953349
-0.0033171412,0.014030797,-0.0042600334
-0.004830028,0.004529252,0.001404778
0.00026044212,-0.008027133,0.0077310256
0.0023128092,0.0013575093,-0.0010949282
0.0016268098,-0.0027800268,0.0027842557
-0.006117655,-0.002040165,0.00094737194
-0.0020981324,-0.003946672,-0.0011627492
0.001874611,-0.002465072,0.0024869188
0.0038947912,0.002609142,0.00887383
8.4146915e-05,0.0046307333,0.0011334219
0.001098517,-0.002398631,0.0014527503
0.000247625,0.002669821,5.1097013e-05
0.0035432205,0.00068476505,-0.00087292347
0.0059582586,-0.0040357932,-0.0040633357
-0.00031536716,-0.0020103669,0.008083811
-0.001242328,0.0035848585,0.015580335
-0.002257584,-0.0023825224,0.001106232
0.008215484,-0.0035055229,0.0029290023
0.0076927873,0.004536582,0.0055367327
-0.002646125,0.0072751935,0.0055075707
-0.0018301175,0.0042667654,0.001839922
0.0013819834,0.00050060195,0.002727664
-0.0059160856,-0.006705669,0.008976097
-0.002311728,-0.0019944743,-0.0065497593
-0.002817362,-0.0014521847,-0.00068151107
-0.0064584645,0.0034323055,0.00043816818
-0.002948098,-0.0017955386,-0.0022748143
-0.0012998596,-0.008197539,-0.003730707
0.0015001209,0.0030095116,-0.008932339
0.004014049,0.0050036027,-0.0016861232
0.0077701104,0.004791807,-0.0017315415
0.007745259,-0.00175285,-0.0048760567
0.0004965232,0.0009626986,0.00018710067
0.0027761997,0.003072999,-0.011197696
0.0053925887,-0.0014486102,0.0058080656
0.0028580627,-0.00036129577,-4.873029e-06
-0.0026550859,-0.0019784817,-0.004428647
-0.006875675,-0.0019079797,-0.00142251
0.0031460805,-0.003744138,-0.007962249
0.005991,0.003910159,0.0051473747
0.0007413115,-0.0009559244,0.0052776993
0.001355722,0.00035661686,0.0011694718
-0.00069415267,-0.007114418,-0.0029211198
-0.00014320805,-0.0061358586,-0.0009465203
0.005044123,-0.003977402,-0.007925238
0.0051223957,-0.00034921325,0.0052619386
0.005508841,-0.0023508929,0.0037561397
-0.0020481695,-0.0012663411,-0.0024122717
-0.01359618,0.0098928185,-9.5678086e-05
0.0024875093,0.00073071546,-0.005218765
0.0009630484,0.0030951547,0.0032449162
0.0011297818,-0.0032703392,-0.007857627
-0.0043424973,-0.0029979185,-0.00043609604
0.0034565718,0.00014064506,0.00036077917
-0.00406639,-0.0028460817,-0.006566737
0.0066326642,0.0057491153,-0.0031407496
-0.010484869,0.0014578914,-0.009025667
0.0016456104,0.008390842,-0.00091524824
0.0032166447,-0.013988002,-0.00030398875
0.0028769425,-0.0017638156,-0.002000527
0.0032097804,-0.0038466537,-0.0022009718
0.0007365241,-0.0026854863,0.00025949202
0.0053493693,0.0073588844,0.0018471908
0.0030143382,0.0033177417,0.0037486295
0.0034694385,0.0015782127,-0.009668889
0.0037633022,0.008860869,0.0007563037
0.0010418984,-0.005947776,-0.005473237
0.0031666416,-0.000113217015,-0.0025736003
0.0020727527,0.003389855,-0.0024093173
0.0065920088,0.007174361,0.0013829174
0.008387163,0.0008694767,-0.010428314
0.009215989,0.0011186721,-0.0010163616
-0.0030019365,0.004336494,-0.011036844
-0.0016992795,0.00088504073,-0.00077812135
-0.0055317027,0.0053590257,0.0040265233
-0.0012071367,0.00024365482,0.012293734
0.003927912,-0.0051154406,0.01097237
0.003225016,0.003923902,0.0027797818
0.0029232774,-0.0011228485,0.009186086
-0.011045829,0.0038429894,-0.004548458
-0.0010376489,0.00019132477,-0.0023355382
-0.0056270217,0.0005354775,-0.014351302
0.00024322046,0.002085492,-0.0006375843
-0.004531019,0.0023310329,-0.006574418
-0.0044146227,-0.002561843,-0.00727161
-0.004076648,0.0003186693,-0.0007993406
-0.000544603,-0.00064678525,-0.007716311
-0.0018256526,-0.004183355,-0.0018471554
-0.0005044779,-0.001617435,-0.0001729537
0.0005901656,0.0016558128,-0.0036189102
-0.0035495865,0.0111874705,-0.0036603145
-3.7847e-05,0.002412742,-0.00020975096
-0.002400848,-0.0004507089,-0.0033614633
0.0051058675,0.0029507908,0.0019652927
0.0016800505,-0.0022559632,0.0059308577
0.0031167357,0.002121224,-0.0060268114
0.0032657122,-0.00074496574,-0.012227764
0.0024093692,0.0016915766,0.0032526802
-0.004298394,0.00085498596,0.0007484848
0.0016045029,0.0036525372,0.002730191
0.0008545473,0.001090677,-0.0017289827
0.0008802078,-0.0024958076,-0.0037629486
0.0021352302,0.00060735515,-0.00036475778
-0.00083016686,0.001252995,0.00329483
0.0007305468,-0.0019243815,-0.0016235809
0.00018426898,-0.0013654495,-0.0012670178
0.003352044,-0.0008949848,-0.004525667
-0.0010141282,0.0018545153,-0.0006459291
0.0106592765,-0.0015109205,-0.002452029
-0.0010278389,0.008850767,-0.0052623115
-0.00023148514,0.011652462,0.0020300248
-0.0007581336,0.00093854923,-0.002930076
0.0006234939,-0.011201848,-0.0007741771
0.010708915,0.00745419,-0.009555505
0.00029397683,-0.0018591109,0.003014305
0.00086894457,0.00097578054,-0.008673145
0.0011551743,0.008148421,0.007975072
-0.0016511241,0.011779925,0.01717092
0.008165608,-0.003677091,0.0031911628
0.013725652,0.007900316,-0.004387521
-0.0012681592,0.0010690216,-0.0075812833
0.00080902025,0.0018857437,0.003817524
-0.0040921066,0.009964129,-0.0043178913
-0.0045162546,0.002646837,-0.0015925963
0.00269531,0.017629262,0.013687332
-0.00030294692,-0.0059840344,0.0029971185
-0.0010271227,0.014289642,-0.0013783271
0.008660125,0.0026800637,0.010022222
-0.002519492,-0.015746178,-0.004129669
0.0012253,-0.0188117,0.0098843975
-0.0020618753,-0.0040594162,-0.015152201
0.0036637257,0.00017942811,-0.021582821
-0.0006490045,1.9250205e-05,-0.016398346
-0.0043211356,0.010142027,0.0002536323
-0.00012459877,-0.0072046854,0.0067504253
0.00013036956,0.003423851,0.0053987945
0.00043476335,0.010407374,0.00088282715
-0.00052240305,-0.011266923,0.001462512
0.00813767,0.0055166804,0.0019788465
-0.0035348851,0.006644516,-0.0061097187
-0.009676589,0.0039317887,-0.0014389746
-0.00039410245,0.007432975,-0.0011657353
-0.006186419,-0.005383977,-0.004080265
-0.011299584,0.00019399724,-0.0011396515
-0.0032691832,0.004414254,-0.007307292
-0.004842835,0.0046690768,-0.0009300394
0.004304153,0.005695456,-0.005203572
0.0079426775,-0.0007926095,-0.0012662252
0.0016006985,-0.0013425099,-0.006714539
0.0022488968,0.000581189,-0.004754168
0.005597873,0.0020008234,-0.0033783677
-0.0008069725,-0.00068669533,-0.0046069557
0.005988073,-0.003418148,0.005479688
0.006174514,-0.0027789827,0.006158369
0.0016003953,-1.7177081e-06,0.0020915382
0.0034170183,0.0039977324,0.00548871
-0.0024869768,0.0013725961,-0.0087015685
-0.0019662702,-0.0002403998,0.0017255989
0.0033315662,0.00027572567,0.009772689
0.0032461209,-0.00097302254,-0.0025604588
-0.0030353656,-0.0007762107,0.00106368
0.0036291298,-0.0015940527,0.007292455
-0.0036376617,0.004773863,0.0051499736
0.0038208168,-0.0043250252,0.0065636565
-0.0020532114,0.00064137566,0.00015811634
0.0024677133,0.008027421,0.008562548
0.02581387,0.0033182222,0.004284128
0.0047088796,-0.017312782,0.009659409
0.0031350395,0.008929284,0.0029714864
-0.0048774253,0.012658616,-0.0058921054
0.0033377288,-0.005106664,-0.006661236
-0.00039967333,-0.0003106008,-0.011400596
0.0011054298,-0.0023397105,0.005960707
-0.007501507,-0.001380951,-0.011354077
-0.0013525876,0.0016809958,-0.007699893
-0.001050054,-0.006855369,0.005272743
-0.0012305467,0.015123104,0.00821668
-0.0027973314,-0.0030238628,0.0015527699
-0.00015796165,-0.0012102218,-0.000191912
0.0010593013,0.010504941,-0.0065764966
0.0037216162,-0.0002191565,-0.000974112
-0.0019807206,-0.005826048,0.0035598665
0.010815082,-0.002508502,0.0012532803
0.010600824,0.0050727366,-0.00021958107
-0.018030806,0.009134835,0.006585722
-0.015542103,-0.012072034,-0.0027802899
-0.0021598507,-0.007871904,-0.0059931707
-0.0028373157,-0.003794483,0.0006277638
-0.006874698,-0.0038288115,0.009230506
-0.0015442432,0.0042152894,0.007273951
0.015415481,-0.001269582,0.0029090927
0.0110971,-0.0014580123,0.0011449901
-0.0029279517,-0.004121231,0.0031317428
0.0016011106,0.004549229,0.0035647727
0.0006018379,-0.006857198,-0.0076740673
0.007065675,0.00069878035,-0.019786429
-3.0650728e-05,-0.0029879333,0.001051751
-0.0018291022,-0.006492426,-0.0064673913
-0.02004046,0.0075946846,-0.019824756
0.0007626795,0.0017492748,-0.002615581
0.0021028845,0.0008819509,0.0027631929
0.008060735,0.009065426,0.0039614337
-0.014271887,-0.00055534637,0.0024117562
-0.009471566,-0.0032962766,-0.009709892
-0.0027792219,-0.00013554751,-0.0032944784
-0.0025866583,-0.00865167,0.0015076172
-0.010608455,0.02074319,0.014917066
0.0052665663,-0.006536701,-0.0010852958
0.0008668662,6.328928e-05,-0.00074554497
0.0027530931,0.00026114626,-0.0017956339
0.0017432515,-0.0028241063,-0.009064293
-0.008281557,0.00012856616,0.0005028149
0.0016559714,0.0056300736,-0.007340325
-0.0040025064,-0.00033304677,0.006250891
0.0034069833,0.0003182084,0.0067620734
0.0028777912,0.0035354695,-0.000690803
0.0006604922,-0.0030385624,-0.008925621
-0.0066159866,-0.0011168505,-0.0024684179
0.0058862413,0.0072057345,-0.0057702535
-0.004261751,0.002335418,-0.00793422
0.00093496306,0.0006733071,-0.0051232097
1.89477e-05,-0.00038495846,0.009558747
0.0021960437,0.0007405857,0.0014981753
-0.0068320916,0.0070946007,0.0109168
-0.0009368573,0.00079747976,0.00607067
0.004543911,0.022664327,0.021206433
-0.00040405398,0.0017756938,0.0038916508
-0.0007578783,0.0055450485,-0.0019583523
0.0017779231,-0.002761959,0.012254397
-0.00286435,0.0046275253,-0.00904132
0.000652493,0.0033568703,0.007361946
-0.00048261308,-0.007011708,0.0029521054
-0.0025161065,0.00082800613,0.0036339762
0.009215824,0.004337433,-0.0053826543
0.0027346904,0.0077063343,-0.004652378
-0.0021760117,0.0015899893,0.0023362502
-0.0059483983,-0.0034788935,-0.0060412176
0.0051488313,0.0083312085,0.0059749275
-0.0031057883,-0.0032248246,-0.013013099
0.015031911,0.0037216647,0.0035434673
0.0034022618,1.1708471e-07,0.0018031597
-0.006680288,0.0012527457,0.014259116
0.0071227,-0.010608875,0.005646411
0.0026786209,-0.004869089,-0.0014709497
-0.00019891027,0.0039842753,0.0066601005
